(kicad_pcb (version 20171130) (host pcbnew "(5.1.6)-1")

  (general
    (thickness 1.6)
    (drawings 208)
    (tracks 27)
    (zones 0)
    (modules 22)
    (nets 14)
  )

  (page A4)
  (layers
    (0 F.Cu signal)
    (31 B.Cu signal)
    (32 B.Adhes user)
    (33 F.Adhes user)
    (34 B.Paste user)
    (35 F.Paste user)
    (36 B.SilkS user)
    (37 F.SilkS user)
    (38 B.Mask user)
    (39 F.Mask user)
    (40 Dwgs.User user)
    (41 Cmts.User user)
    (42 Eco1.User user)
    (43 Eco2.User user)
    (44 Edge.Cuts user)
    (45 Margin user)
    (46 B.CrtYd user)
    (47 F.CrtYd user)
    (48 B.Fab user hide)
    (49 F.Fab user hide)
  )

  (setup
    (last_trace_width 0.254)
    (user_trace_width 0.254)
    (trace_clearance 0.2)
    (zone_clearance 0.508)
    (zone_45_only no)
    (trace_min 0.2)
    (via_size 0.6)
    (via_drill 0.4)
    (via_min_size 0.4)
    (via_min_drill 0.3)
    (uvia_size 0.3)
    (uvia_drill 0.1)
    (uvias_allowed no)
    (uvia_min_size 0.2)
    (uvia_min_drill 0.1)
    (edge_width 0.15)
    (segment_width 0.2)
    (pcb_text_width 0.3)
    (pcb_text_size 1.5 1.5)
    (mod_edge_width 0.15)
    (mod_text_size 1 1)
    (mod_text_width 0.15)
    (pad_size 1.524 1.524)
    (pad_drill 0.762)
    (pad_to_mask_clearance 0.2)
    (aux_axis_origin 0 0)
    (visible_elements 7FFFFFFF)
    (pcbplotparams
      (layerselection 0x010f0_80000001)
      (usegerberextensions false)
      (usegerberattributes true)
      (usegerberadvancedattributes true)
      (creategerberjobfile true)
      (excludeedgelayer true)
      (linewidth 0.100000)
      (plotframeref false)
      (viasonmask false)
      (mode 1)
      (useauxorigin false)
      (hpglpennumber 1)
      (hpglpenspeed 20)
      (hpglpendiameter 15.000000)
      (psnegative false)
      (psa4output false)
      (plotreference true)
      (plotvalue true)
      (plotinvisibletext false)
      (padsonsilk false)
      (subtractmaskfromsilk false)
      (outputformat 1)
      (mirror false)
      (drillshape 1)
      (scaleselection 1)
      (outputdirectory "gerbers/"))
  )

  (net 0 "")
  (net 1 +3V0)
  (net 2 "Net-(BT1-Pad2)")
  (net 3 "Net-(D0-Pad2)")
  (net 4 /PB0)
  (net 5 "Net-(D1-Pad2)")
  (net 6 "Net-(D2-Pad2)")
  (net 7 /PB1)
  (net 8 "Net-(D3-Pad2)")
  (net 9 /PB2)
  (net 10 /PB3)
  (net 11 "Net-(R5-Pad1)")
  (net 12 GND)
  (net 13 "Net-(SW2-Pad1)")

  (net_class Default "This is the default net class."
    (clearance 0.2)
    (trace_width 0.25)
    (via_dia 0.6)
    (via_drill 0.4)
    (uvia_dia 0.3)
    (uvia_drill 0.1)
    (add_net +3V0)
    (add_net /PB0)
    (add_net /PB1)
    (add_net /PB2)
    (add_net /PB3)
    (add_net GND)
    (add_net "Net-(BT1-Pad2)")
    (add_net "Net-(D0-Pad2)")
    (add_net "Net-(D1-Pad2)")
    (add_net "Net-(D2-Pad2)")
    (add_net "Net-(D3-Pad2)")
    (add_net "Net-(R5-Pad1)")
    (add_net "Net-(SW2-Pad1)")
  )

  (module Corazon:Batteriehalter_CR2032 (layer F.Cu) (tedit 5DFB9535) (tstamp 5F6800B4)
    (at 58.075001 71.95)
    (descr "Knopfzellenhalter  CR 2032")
    (path /5F66FB48)
    (fp_text reference BT1 (at 6.35 10.033) (layer F.SilkS)
      (effects (font (size 1 1) (thickness 0.15)))
    )
    (fp_text value CR2032 (at 0 -9) (layer F.Fab)
      (effects (font (size 1 1) (thickness 0.15)))
    )
    (fp_circle (center 0 0) (end 7 0) (layer F.SilkS) (width 0.15))
    (fp_line (start 3 11) (end 3 14) (layer F.SilkS) (width 0.15))
    (fp_line (start -3 11) (end -3 14) (layer F.SilkS) (width 0.15))
    (fp_line (start -8 -11) (end -3 -11) (layer F.SilkS) (width 0.15))
    (fp_line (start 8 -11) (end 3 -11) (layer F.SilkS) (width 0.15))
    (fp_line (start 8 11) (end 8 -11) (layer F.SilkS) (width 0.15))
    (fp_line (start 3 11) (end 8 11) (layer F.SilkS) (width 0.15))
    (fp_line (start -8 11) (end -3 11) (layer F.SilkS) (width 0.15))
    (fp_line (start -8 -11) (end -8 11) (layer F.SilkS) (width 0.15))
    (fp_line (start 3 -14) (end 3 -11) (layer F.SilkS) (width 0.15))
    (fp_line (start -3 -14) (end -3 -11) (layer F.SilkS) (width 0.15))
    (fp_text user + (at 0 -12) (layer F.SilkS)
      (effects (font (size 2 2) (thickness 0.15)))
    )
    (pad 1 smd rect (at 0 -14.65) (size 4 2.6) (layers F.Cu F.Paste F.Mask)
      (net 1 +3V0))
    (pad 2 smd rect (at 0 14.65) (size 4 2.6) (layers F.Cu F.Paste F.Mask)
      (net 2 "Net-(BT1-Pad2)"))
  )

  (module Capacitor_SMD:C_0805_2012Metric_Pad1.15x1.40mm_HandSolder (layer F.Cu) (tedit 5B36C52B) (tstamp 5F6800C5)
    (at 154.2 92.6)
    (descr "Capacitor SMD 0805 (2012 Metric), square (rectangular) end terminal, IPC_7351 nominal with elongated pad for handsoldering. (Body size source: https://docs.google.com/spreadsheets/d/1BsfQQcO9C6DZCsRaXUlFlo91Tg2WpOkGARC1WS5S8t0/edit?usp=sharing), generated with kicad-footprint-generator")
    (tags "capacitor handsolder")
    (path /5F670899)
    (attr smd)
    (fp_text reference C1 (at 3 0) (layer F.SilkS)
      (effects (font (size 1 1) (thickness 0.15)))
    )
    (fp_text value 100n (at 0 1.65) (layer F.Fab)
      (effects (font (size 1 1) (thickness 0.15)))
    )
    (fp_line (start -1 0.6) (end -1 -0.6) (layer F.Fab) (width 0.1))
    (fp_line (start -1 -0.6) (end 1 -0.6) (layer F.Fab) (width 0.1))
    (fp_line (start 1 -0.6) (end 1 0.6) (layer F.Fab) (width 0.1))
    (fp_line (start 1 0.6) (end -1 0.6) (layer F.Fab) (width 0.1))
    (fp_line (start -0.261252 -0.71) (end 0.261252 -0.71) (layer F.SilkS) (width 0.12))
    (fp_line (start -0.261252 0.71) (end 0.261252 0.71) (layer F.SilkS) (width 0.12))
    (fp_line (start -1.85 0.95) (end -1.85 -0.95) (layer F.CrtYd) (width 0.05))
    (fp_line (start -1.85 -0.95) (end 1.85 -0.95) (layer F.CrtYd) (width 0.05))
    (fp_line (start 1.85 -0.95) (end 1.85 0.95) (layer F.CrtYd) (width 0.05))
    (fp_line (start 1.85 0.95) (end -1.85 0.95) (layer F.CrtYd) (width 0.05))
    (fp_text user %R (at 0 0) (layer F.Fab)
      (effects (font (size 0.5 0.5) (thickness 0.08)))
    )
    (pad 1 smd roundrect (at -1.025 0) (size 1.15 1.4) (layers F.Cu F.Paste F.Mask) (roundrect_rratio 0.217391)
      (net 2 "Net-(BT1-Pad2)"))
    (pad 2 smd roundrect (at 1.025 0) (size 1.15 1.4) (layers F.Cu F.Paste F.Mask) (roundrect_rratio 0.217391)
      (net 1 +3V0))
    (model ${KISYS3DMOD}/Capacitor_SMD.3dshapes/C_0805_2012Metric.wrl
      (at (xyz 0 0 0))
      (scale (xyz 1 1 1))
      (rotate (xyz 0 0 0))
    )
  )

  (module LED_THT:LED_D5.0mm (layer F.Cu) (tedit 5995936A) (tstamp 5F6800D7)
    (at 168.4 104.6)
    (descr "LED, diameter 5.0mm, 2 pins, http://cdn-reichelt.de/documents/datenblatt/A500/LL-504BC2E-009.pdf")
    (tags "LED diameter 5.0mm 2 pins")
    (path /5F677231)
    (fp_text reference D0 (at 1.27 -3.96) (layer F.SilkS)
      (effects (font (size 1 1) (thickness 0.15)))
    )
    (fp_text value LED (at 1.27 3.96) (layer F.Fab)
      (effects (font (size 1 1) (thickness 0.15)))
    )
    (fp_line (start 4.5 -3.25) (end -1.95 -3.25) (layer F.CrtYd) (width 0.05))
    (fp_line (start 4.5 3.25) (end 4.5 -3.25) (layer F.CrtYd) (width 0.05))
    (fp_line (start -1.95 3.25) (end 4.5 3.25) (layer F.CrtYd) (width 0.05))
    (fp_line (start -1.95 -3.25) (end -1.95 3.25) (layer F.CrtYd) (width 0.05))
    (fp_line (start -1.29 -1.545) (end -1.29 1.545) (layer F.SilkS) (width 0.12))
    (fp_line (start -1.23 -1.469694) (end -1.23 1.469694) (layer F.Fab) (width 0.1))
    (fp_circle (center 1.27 0) (end 3.77 0) (layer F.SilkS) (width 0.12))
    (fp_circle (center 1.27 0) (end 3.77 0) (layer F.Fab) (width 0.1))
    (fp_text user %R (at 1.25 0) (layer F.Fab)
      (effects (font (size 0.8 0.8) (thickness 0.2)))
    )
    (fp_arc (start 1.27 0) (end -1.29 1.54483) (angle -148.9) (layer F.SilkS) (width 0.12))
    (fp_arc (start 1.27 0) (end -1.29 -1.54483) (angle 148.9) (layer F.SilkS) (width 0.12))
    (fp_arc (start 1.27 0) (end -1.23 -1.469694) (angle 299.1) (layer F.Fab) (width 0.1))
    (pad 2 thru_hole circle (at 2.54 0) (size 1.8 1.8) (drill 0.9) (layers *.Cu *.Mask)
      (net 3 "Net-(D0-Pad2)"))
    (pad 1 thru_hole rect (at 0 0) (size 1.8 1.8) (drill 0.9) (layers *.Cu *.Mask)
      (net 4 /PB0))
    (model ${KISYS3DMOD}/LED_THT.3dshapes/LED_D5.0mm.wrl
      (at (xyz 0 0 0))
      (scale (xyz 1 1 1))
      (rotate (xyz 0 0 0))
    )
  )

  (module LED_THT:LED_D5.0mm (layer F.Cu) (tedit 5995936A) (tstamp 5F6800E9)
    (at 150 87)
    (descr "LED, diameter 5.0mm, 2 pins, http://cdn-reichelt.de/documents/datenblatt/A500/LL-504BC2E-009.pdf")
    (tags "LED diameter 5.0mm 2 pins")
    (path /5F67818B)
    (fp_text reference D1 (at 1.27 -3.96) (layer F.SilkS)
      (effects (font (size 1 1) (thickness 0.15)))
    )
    (fp_text value LED (at 1.27 3.96) (layer F.Fab)
      (effects (font (size 1 1) (thickness 0.15)))
    )
    (fp_circle (center 1.27 0) (end 3.77 0) (layer F.Fab) (width 0.1))
    (fp_circle (center 1.27 0) (end 3.77 0) (layer F.SilkS) (width 0.12))
    (fp_line (start -1.23 -1.469694) (end -1.23 1.469694) (layer F.Fab) (width 0.1))
    (fp_line (start -1.29 -1.545) (end -1.29 1.545) (layer F.SilkS) (width 0.12))
    (fp_line (start -1.95 -3.25) (end -1.95 3.25) (layer F.CrtYd) (width 0.05))
    (fp_line (start -1.95 3.25) (end 4.5 3.25) (layer F.CrtYd) (width 0.05))
    (fp_line (start 4.5 3.25) (end 4.5 -3.25) (layer F.CrtYd) (width 0.05))
    (fp_line (start 4.5 -3.25) (end -1.95 -3.25) (layer F.CrtYd) (width 0.05))
    (fp_arc (start 1.27 0) (end -1.23 -1.469694) (angle 299.1) (layer F.Fab) (width 0.1))
    (fp_arc (start 1.27 0) (end -1.29 -1.54483) (angle 148.9) (layer F.SilkS) (width 0.12))
    (fp_arc (start 1.27 0) (end -1.29 1.54483) (angle -148.9) (layer F.SilkS) (width 0.12))
    (fp_text user %R (at 1.25 0) (layer F.Fab)
      (effects (font (size 0.8 0.8) (thickness 0.2)))
    )
    (pad 1 thru_hole rect (at 0 0) (size 1.8 1.8) (drill 0.9) (layers *.Cu *.Mask)
      (net 4 /PB0))
    (pad 2 thru_hole circle (at 2.54 0) (size 1.8 1.8) (drill 0.9) (layers *.Cu *.Mask)
      (net 5 "Net-(D1-Pad2)"))
    (model ${KISYS3DMOD}/LED_THT.3dshapes/LED_D5.0mm.wrl
      (at (xyz 0 0 0))
      (scale (xyz 1 1 1))
      (rotate (xyz 0 0 0))
    )
  )

  (module LED_THT:LED_D5.0mm (layer F.Cu) (tedit 5995936A) (tstamp 5F6800FB)
    (at 139.4 113)
    (descr "LED, diameter 5.0mm, 2 pins, http://cdn-reichelt.de/documents/datenblatt/A500/LL-504BC2E-009.pdf")
    (tags "LED diameter 5.0mm 2 pins")
    (path /5F678AAA)
    (fp_text reference D2 (at 1.27 -3.96) (layer F.SilkS)
      (effects (font (size 1 1) (thickness 0.15)))
    )
    (fp_text value LED (at 1.27 3.96) (layer F.Fab)
      (effects (font (size 1 1) (thickness 0.15)))
    )
    (fp_line (start 4.5 -3.25) (end -1.95 -3.25) (layer F.CrtYd) (width 0.05))
    (fp_line (start 4.5 3.25) (end 4.5 -3.25) (layer F.CrtYd) (width 0.05))
    (fp_line (start -1.95 3.25) (end 4.5 3.25) (layer F.CrtYd) (width 0.05))
    (fp_line (start -1.95 -3.25) (end -1.95 3.25) (layer F.CrtYd) (width 0.05))
    (fp_line (start -1.29 -1.545) (end -1.29 1.545) (layer F.SilkS) (width 0.12))
    (fp_line (start -1.23 -1.469694) (end -1.23 1.469694) (layer F.Fab) (width 0.1))
    (fp_circle (center 1.27 0) (end 3.77 0) (layer F.SilkS) (width 0.12))
    (fp_circle (center 1.27 0) (end 3.77 0) (layer F.Fab) (width 0.1))
    (fp_text user %R (at 1.25 0) (layer F.Fab)
      (effects (font (size 0.8 0.8) (thickness 0.2)))
    )
    (fp_arc (start 1.27 0) (end -1.29 1.54483) (angle -148.9) (layer F.SilkS) (width 0.12))
    (fp_arc (start 1.27 0) (end -1.29 -1.54483) (angle 148.9) (layer F.SilkS) (width 0.12))
    (fp_arc (start 1.27 0) (end -1.23 -1.469694) (angle 299.1) (layer F.Fab) (width 0.1))
    (pad 2 thru_hole circle (at 2.54 0) (size 1.8 1.8) (drill 0.9) (layers *.Cu *.Mask)
      (net 6 "Net-(D2-Pad2)"))
    (pad 1 thru_hole rect (at 0 0) (size 1.8 1.8) (drill 0.9) (layers *.Cu *.Mask)
      (net 4 /PB0))
    (model ${KISYS3DMOD}/LED_THT.3dshapes/LED_D5.0mm.wrl
      (at (xyz 0 0 0))
      (scale (xyz 1 1 1))
      (rotate (xyz 0 0 0))
    )
  )

  (module LED_THT:LED_D5.0mm (layer F.Cu) (tedit 5995936A) (tstamp 5F68010D)
    (at 129.4 83)
    (descr "LED, diameter 5.0mm, 2 pins, http://cdn-reichelt.de/documents/datenblatt/A500/LL-504BC2E-009.pdf")
    (tags "LED diameter 5.0mm 2 pins")
    (path /5F67E07C)
    (fp_text reference D3 (at 1.27 -3.96) (layer F.SilkS)
      (effects (font (size 1 1) (thickness 0.15)))
    )
    (fp_text value LED (at 1.27 3.96) (layer F.Fab)
      (effects (font (size 1 1) (thickness 0.15)))
    )
    (fp_circle (center 1.27 0) (end 3.77 0) (layer F.Fab) (width 0.1))
    (fp_circle (center 1.27 0) (end 3.77 0) (layer F.SilkS) (width 0.12))
    (fp_line (start -1.23 -1.469694) (end -1.23 1.469694) (layer F.Fab) (width 0.1))
    (fp_line (start -1.29 -1.545) (end -1.29 1.545) (layer F.SilkS) (width 0.12))
    (fp_line (start -1.95 -3.25) (end -1.95 3.25) (layer F.CrtYd) (width 0.05))
    (fp_line (start -1.95 3.25) (end 4.5 3.25) (layer F.CrtYd) (width 0.05))
    (fp_line (start 4.5 3.25) (end 4.5 -3.25) (layer F.CrtYd) (width 0.05))
    (fp_line (start 4.5 -3.25) (end -1.95 -3.25) (layer F.CrtYd) (width 0.05))
    (fp_arc (start 1.27 0) (end -1.23 -1.469694) (angle 299.1) (layer F.Fab) (width 0.1))
    (fp_arc (start 1.27 0) (end -1.29 -1.54483) (angle 148.9) (layer F.SilkS) (width 0.12))
    (fp_arc (start 1.27 0) (end -1.29 1.54483) (angle -148.9) (layer F.SilkS) (width 0.12))
    (fp_text user %R (at 1.25 0) (layer F.Fab)
      (effects (font (size 0.8 0.8) (thickness 0.2)))
    )
    (pad 1 thru_hole rect (at 0 0) (size 1.8 1.8) (drill 0.9) (layers *.Cu *.Mask)
      (net 7 /PB1))
    (pad 2 thru_hole circle (at 2.54 0) (size 1.8 1.8) (drill 0.9) (layers *.Cu *.Mask)
      (net 8 "Net-(D3-Pad2)"))
    (model ${KISYS3DMOD}/LED_THT.3dshapes/LED_D5.0mm.wrl
      (at (xyz 0 0 0))
      (scale (xyz 1 1 1))
      (rotate (xyz 0 0 0))
    )
  )

  (module LED_THT:LED_D5.0mm (layer F.Cu) (tedit 5995936A) (tstamp 5F68011F)
    (at 139.6 81)
    (descr "LED, diameter 5.0mm, 2 pins, http://cdn-reichelt.de/documents/datenblatt/A500/LL-504BC2E-009.pdf")
    (tags "LED diameter 5.0mm 2 pins")
    (path /5F67E086)
    (fp_text reference D4 (at 1.27 -3.96) (layer F.SilkS)
      (effects (font (size 1 1) (thickness 0.15)))
    )
    (fp_text value LED (at 1.27 3.96) (layer F.Fab)
      (effects (font (size 1 1) (thickness 0.15)))
    )
    (fp_circle (center 1.27 0) (end 3.77 0) (layer F.Fab) (width 0.1))
    (fp_circle (center 1.27 0) (end 3.77 0) (layer F.SilkS) (width 0.12))
    (fp_line (start -1.23 -1.469694) (end -1.23 1.469694) (layer F.Fab) (width 0.1))
    (fp_line (start -1.29 -1.545) (end -1.29 1.545) (layer F.SilkS) (width 0.12))
    (fp_line (start -1.95 -3.25) (end -1.95 3.25) (layer F.CrtYd) (width 0.05))
    (fp_line (start -1.95 3.25) (end 4.5 3.25) (layer F.CrtYd) (width 0.05))
    (fp_line (start 4.5 3.25) (end 4.5 -3.25) (layer F.CrtYd) (width 0.05))
    (fp_line (start 4.5 -3.25) (end -1.95 -3.25) (layer F.CrtYd) (width 0.05))
    (fp_arc (start 1.27 0) (end -1.23 -1.469694) (angle 299.1) (layer F.Fab) (width 0.1))
    (fp_arc (start 1.27 0) (end -1.29 -1.54483) (angle 148.9) (layer F.SilkS) (width 0.12))
    (fp_arc (start 1.27 0) (end -1.29 1.54483) (angle -148.9) (layer F.SilkS) (width 0.12))
    (fp_text user %R (at 1.25 0) (layer F.Fab)
      (effects (font (size 0.8 0.8) (thickness 0.2)))
    )
    (pad 1 thru_hole rect (at 0 0) (size 1.8 1.8) (drill 0.9) (layers *.Cu *.Mask)
      (net 7 /PB1))
    (pad 2 thru_hole circle (at 2.54 0) (size 1.8 1.8) (drill 0.9) (layers *.Cu *.Mask)
      (net 5 "Net-(D1-Pad2)"))
    (model ${KISYS3DMOD}/LED_THT.3dshapes/LED_D5.0mm.wrl
      (at (xyz 0 0 0))
      (scale (xyz 1 1 1))
      (rotate (xyz 0 0 0))
    )
  )

  (module LED_THT:LED_D5.0mm (layer F.Cu) (tedit 5995936A) (tstamp 5F680131)
    (at 149.6 120.2)
    (descr "LED, diameter 5.0mm, 2 pins, http://cdn-reichelt.de/documents/datenblatt/A500/LL-504BC2E-009.pdf")
    (tags "LED diameter 5.0mm 2 pins")
    (path /5F67E090)
    (fp_text reference D5 (at 1.27 -3.96) (layer F.SilkS)
      (effects (font (size 1 1) (thickness 0.15)))
    )
    (fp_text value LED (at 1.27 3.96) (layer F.Fab)
      (effects (font (size 1 1) (thickness 0.15)))
    )
    (fp_line (start 4.5 -3.25) (end -1.95 -3.25) (layer F.CrtYd) (width 0.05))
    (fp_line (start 4.5 3.25) (end 4.5 -3.25) (layer F.CrtYd) (width 0.05))
    (fp_line (start -1.95 3.25) (end 4.5 3.25) (layer F.CrtYd) (width 0.05))
    (fp_line (start -1.95 -3.25) (end -1.95 3.25) (layer F.CrtYd) (width 0.05))
    (fp_line (start -1.29 -1.545) (end -1.29 1.545) (layer F.SilkS) (width 0.12))
    (fp_line (start -1.23 -1.469694) (end -1.23 1.469694) (layer F.Fab) (width 0.1))
    (fp_circle (center 1.27 0) (end 3.77 0) (layer F.SilkS) (width 0.12))
    (fp_circle (center 1.27 0) (end 3.77 0) (layer F.Fab) (width 0.1))
    (fp_text user %R (at 1.25 0) (layer F.Fab)
      (effects (font (size 0.8 0.8) (thickness 0.2)))
    )
    (fp_arc (start 1.27 0) (end -1.29 1.54483) (angle -148.9) (layer F.SilkS) (width 0.12))
    (fp_arc (start 1.27 0) (end -1.29 -1.54483) (angle 148.9) (layer F.SilkS) (width 0.12))
    (fp_arc (start 1.27 0) (end -1.23 -1.469694) (angle 299.1) (layer F.Fab) (width 0.1))
    (pad 2 thru_hole circle (at 2.54 0) (size 1.8 1.8) (drill 0.9) (layers *.Cu *.Mask)
      (net 6 "Net-(D2-Pad2)"))
    (pad 1 thru_hole rect (at 0 0) (size 1.8 1.8) (drill 0.9) (layers *.Cu *.Mask)
      (net 7 /PB1))
    (model ${KISYS3DMOD}/LED_THT.3dshapes/LED_D5.0mm.wrl
      (at (xyz 0 0 0))
      (scale (xyz 1 1 1))
      (rotate (xyz 0 0 0))
    )
  )

  (module LED_THT:LED_D5.0mm (layer F.Cu) (tedit 5995936A) (tstamp 5F680143)
    (at 126.4 94)
    (descr "LED, diameter 5.0mm, 2 pins, http://cdn-reichelt.de/documents/datenblatt/A500/LL-504BC2E-009.pdf")
    (tags "LED diameter 5.0mm 2 pins")
    (path /5F680B87)
    (fp_text reference D6 (at 1.27 -3.96) (layer F.SilkS)
      (effects (font (size 1 1) (thickness 0.15)))
    )
    (fp_text value LED (at 1.27 3.96) (layer F.Fab)
      (effects (font (size 1 1) (thickness 0.15)))
    )
    (fp_circle (center 1.27 0) (end 3.77 0) (layer F.Fab) (width 0.1))
    (fp_circle (center 1.27 0) (end 3.77 0) (layer F.SilkS) (width 0.12))
    (fp_line (start -1.23 -1.469694) (end -1.23 1.469694) (layer F.Fab) (width 0.1))
    (fp_line (start -1.29 -1.545) (end -1.29 1.545) (layer F.SilkS) (width 0.12))
    (fp_line (start -1.95 -3.25) (end -1.95 3.25) (layer F.CrtYd) (width 0.05))
    (fp_line (start -1.95 3.25) (end 4.5 3.25) (layer F.CrtYd) (width 0.05))
    (fp_line (start 4.5 3.25) (end 4.5 -3.25) (layer F.CrtYd) (width 0.05))
    (fp_line (start 4.5 -3.25) (end -1.95 -3.25) (layer F.CrtYd) (width 0.05))
    (fp_arc (start 1.27 0) (end -1.23 -1.469694) (angle 299.1) (layer F.Fab) (width 0.1))
    (fp_arc (start 1.27 0) (end -1.29 -1.54483) (angle 148.9) (layer F.SilkS) (width 0.12))
    (fp_arc (start 1.27 0) (end -1.29 1.54483) (angle -148.9) (layer F.SilkS) (width 0.12))
    (fp_text user %R (at 1.25 0) (layer F.Fab)
      (effects (font (size 0.8 0.8) (thickness 0.2)))
    )
    (pad 1 thru_hole rect (at 0 0) (size 1.8 1.8) (drill 0.9) (layers *.Cu *.Mask)
      (net 9 /PB2))
    (pad 2 thru_hole circle (at 2.54 0) (size 1.8 1.8) (drill 0.9) (layers *.Cu *.Mask)
      (net 8 "Net-(D3-Pad2)"))
    (model ${KISYS3DMOD}/LED_THT.3dshapes/LED_D5.0mm.wrl
      (at (xyz 0 0 0))
      (scale (xyz 1 1 1))
      (rotate (xyz 0 0 0))
    )
  )

  (module LED_THT:LED_D5.0mm (layer F.Cu) (tedit 5995936A) (tstamp 5F680155)
    (at 172.8 94)
    (descr "LED, diameter 5.0mm, 2 pins, http://cdn-reichelt.de/documents/datenblatt/A500/LL-504BC2E-009.pdf")
    (tags "LED diameter 5.0mm 2 pins")
    (path /5F680B91)
    (fp_text reference D7 (at 1.27 -3.96) (layer F.SilkS)
      (effects (font (size 1 1) (thickness 0.15)))
    )
    (fp_text value LED (at 1.27 3.96) (layer F.Fab)
      (effects (font (size 1 1) (thickness 0.15)))
    )
    (fp_line (start 4.5 -3.25) (end -1.95 -3.25) (layer F.CrtYd) (width 0.05))
    (fp_line (start 4.5 3.25) (end 4.5 -3.25) (layer F.CrtYd) (width 0.05))
    (fp_line (start -1.95 3.25) (end 4.5 3.25) (layer F.CrtYd) (width 0.05))
    (fp_line (start -1.95 -3.25) (end -1.95 3.25) (layer F.CrtYd) (width 0.05))
    (fp_line (start -1.29 -1.545) (end -1.29 1.545) (layer F.SilkS) (width 0.12))
    (fp_line (start -1.23 -1.469694) (end -1.23 1.469694) (layer F.Fab) (width 0.1))
    (fp_circle (center 1.27 0) (end 3.77 0) (layer F.SilkS) (width 0.12))
    (fp_circle (center 1.27 0) (end 3.77 0) (layer F.Fab) (width 0.1))
    (fp_text user %R (at 1.25 0) (layer F.Fab)
      (effects (font (size 0.8 0.8) (thickness 0.2)))
    )
    (fp_arc (start 1.27 0) (end -1.29 1.54483) (angle -148.9) (layer F.SilkS) (width 0.12))
    (fp_arc (start 1.27 0) (end -1.29 -1.54483) (angle 148.9) (layer F.SilkS) (width 0.12))
    (fp_arc (start 1.27 0) (end -1.23 -1.469694) (angle 299.1) (layer F.Fab) (width 0.1))
    (pad 2 thru_hole circle (at 2.54 0) (size 1.8 1.8) (drill 0.9) (layers *.Cu *.Mask)
      (net 3 "Net-(D0-Pad2)"))
    (pad 1 thru_hole rect (at 0 0) (size 1.8 1.8) (drill 0.9) (layers *.Cu *.Mask)
      (net 9 /PB2))
    (model ${KISYS3DMOD}/LED_THT.3dshapes/LED_D5.0mm.wrl
      (at (xyz 0 0 0))
      (scale (xyz 1 1 1))
      (rotate (xyz 0 0 0))
    )
  )

  (module LED_THT:LED_D5.0mm (layer F.Cu) (tedit 5995936A) (tstamp 5F680167)
    (at 159.6 113)
    (descr "LED, diameter 5.0mm, 2 pins, http://cdn-reichelt.de/documents/datenblatt/A500/LL-504BC2E-009.pdf")
    (tags "LED diameter 5.0mm 2 pins")
    (path /5F680B9B)
    (fp_text reference D8 (at 1.27 -3.96) (layer F.SilkS)
      (effects (font (size 1 1) (thickness 0.15)))
    )
    (fp_text value LED (at 1.27 3.96) (layer F.Fab)
      (effects (font (size 1 1) (thickness 0.15)))
    )
    (fp_circle (center 1.27 0) (end 3.77 0) (layer F.Fab) (width 0.1))
    (fp_circle (center 1.27 0) (end 3.77 0) (layer F.SilkS) (width 0.12))
    (fp_line (start -1.23 -1.469694) (end -1.23 1.469694) (layer F.Fab) (width 0.1))
    (fp_line (start -1.29 -1.545) (end -1.29 1.545) (layer F.SilkS) (width 0.12))
    (fp_line (start -1.95 -3.25) (end -1.95 3.25) (layer F.CrtYd) (width 0.05))
    (fp_line (start -1.95 3.25) (end 4.5 3.25) (layer F.CrtYd) (width 0.05))
    (fp_line (start 4.5 3.25) (end 4.5 -3.25) (layer F.CrtYd) (width 0.05))
    (fp_line (start 4.5 -3.25) (end -1.95 -3.25) (layer F.CrtYd) (width 0.05))
    (fp_arc (start 1.27 0) (end -1.23 -1.469694) (angle 299.1) (layer F.Fab) (width 0.1))
    (fp_arc (start 1.27 0) (end -1.29 -1.54483) (angle 148.9) (layer F.SilkS) (width 0.12))
    (fp_arc (start 1.27 0) (end -1.29 1.54483) (angle -148.9) (layer F.SilkS) (width 0.12))
    (fp_text user %R (at 1.25 0) (layer F.Fab)
      (effects (font (size 0.8 0.8) (thickness 0.2)))
    )
    (pad 1 thru_hole rect (at 0 0) (size 1.8 1.8) (drill 0.9) (layers *.Cu *.Mask)
      (net 9 /PB2))
    (pad 2 thru_hole circle (at 2.54 0) (size 1.8 1.8) (drill 0.9) (layers *.Cu *.Mask)
      (net 6 "Net-(D2-Pad2)"))
    (model ${KISYS3DMOD}/LED_THT.3dshapes/LED_D5.0mm.wrl
      (at (xyz 0 0 0))
      (scale (xyz 1 1 1))
      (rotate (xyz 0 0 0))
    )
  )

  (module LED_THT:LED_D5.0mm (layer F.Cu) (tedit 5995936A) (tstamp 5F680179)
    (at 131.8 104.6)
    (descr "LED, diameter 5.0mm, 2 pins, http://cdn-reichelt.de/documents/datenblatt/A500/LL-504BC2E-009.pdf")
    (tags "LED diameter 5.0mm 2 pins")
    (path /5F68657D)
    (fp_text reference D9 (at 1.27 -3.96) (layer F.SilkS)
      (effects (font (size 1 1) (thickness 0.15)))
    )
    (fp_text value LED (at 1.27 3.96) (layer F.Fab)
      (effects (font (size 1 1) (thickness 0.15)))
    )
    (fp_line (start 4.5 -3.25) (end -1.95 -3.25) (layer F.CrtYd) (width 0.05))
    (fp_line (start 4.5 3.25) (end 4.5 -3.25) (layer F.CrtYd) (width 0.05))
    (fp_line (start -1.95 3.25) (end 4.5 3.25) (layer F.CrtYd) (width 0.05))
    (fp_line (start -1.95 -3.25) (end -1.95 3.25) (layer F.CrtYd) (width 0.05))
    (fp_line (start -1.29 -1.545) (end -1.29 1.545) (layer F.SilkS) (width 0.12))
    (fp_line (start -1.23 -1.469694) (end -1.23 1.469694) (layer F.Fab) (width 0.1))
    (fp_circle (center 1.27 0) (end 3.77 0) (layer F.SilkS) (width 0.12))
    (fp_circle (center 1.27 0) (end 3.77 0) (layer F.Fab) (width 0.1))
    (fp_text user %R (at 1.25 0) (layer F.Fab)
      (effects (font (size 0.8 0.8) (thickness 0.2)))
    )
    (fp_arc (start 1.27 0) (end -1.29 1.54483) (angle -148.9) (layer F.SilkS) (width 0.12))
    (fp_arc (start 1.27 0) (end -1.29 -1.54483) (angle 148.9) (layer F.SilkS) (width 0.12))
    (fp_arc (start 1.27 0) (end -1.23 -1.469694) (angle 299.1) (layer F.Fab) (width 0.1))
    (pad 2 thru_hole circle (at 2.54 0) (size 1.8 1.8) (drill 0.9) (layers *.Cu *.Mask)
      (net 8 "Net-(D3-Pad2)"))
    (pad 1 thru_hole rect (at 0 0) (size 1.8 1.8) (drill 0.9) (layers *.Cu *.Mask)
      (net 10 /PB3))
    (model ${KISYS3DMOD}/LED_THT.3dshapes/LED_D5.0mm.wrl
      (at (xyz 0 0 0))
      (scale (xyz 1 1 1))
      (rotate (xyz 0 0 0))
    )
  )

  (module LED_THT:LED_D5.0mm (layer F.Cu) (tedit 5995936A) (tstamp 5F68018B)
    (at 169 83)
    (descr "LED, diameter 5.0mm, 2 pins, http://cdn-reichelt.de/documents/datenblatt/A500/LL-504BC2E-009.pdf")
    (tags "LED diameter 5.0mm 2 pins")
    (path /5F686587)
    (fp_text reference D10 (at 1.27 -3.96) (layer F.SilkS)
      (effects (font (size 1 1) (thickness 0.15)))
    )
    (fp_text value LED (at 1.27 3.96) (layer F.Fab)
      (effects (font (size 1 1) (thickness 0.15)))
    )
    (fp_circle (center 1.27 0) (end 3.77 0) (layer F.Fab) (width 0.1))
    (fp_circle (center 1.27 0) (end 3.77 0) (layer F.SilkS) (width 0.12))
    (fp_line (start -1.23 -1.469694) (end -1.23 1.469694) (layer F.Fab) (width 0.1))
    (fp_line (start -1.29 -1.545) (end -1.29 1.545) (layer F.SilkS) (width 0.12))
    (fp_line (start -1.95 -3.25) (end -1.95 3.25) (layer F.CrtYd) (width 0.05))
    (fp_line (start -1.95 3.25) (end 4.5 3.25) (layer F.CrtYd) (width 0.05))
    (fp_line (start 4.5 3.25) (end 4.5 -3.25) (layer F.CrtYd) (width 0.05))
    (fp_line (start 4.5 -3.25) (end -1.95 -3.25) (layer F.CrtYd) (width 0.05))
    (fp_arc (start 1.27 0) (end -1.23 -1.469694) (angle 299.1) (layer F.Fab) (width 0.1))
    (fp_arc (start 1.27 0) (end -1.29 -1.54483) (angle 148.9) (layer F.SilkS) (width 0.12))
    (fp_arc (start 1.27 0) (end -1.29 1.54483) (angle -148.9) (layer F.SilkS) (width 0.12))
    (fp_text user %R (at 1.25 0) (layer F.Fab)
      (effects (font (size 0.8 0.8) (thickness 0.2)))
    )
    (pad 1 thru_hole rect (at 0 0) (size 1.8 1.8) (drill 0.9) (layers *.Cu *.Mask)
      (net 10 /PB3))
    (pad 2 thru_hole circle (at 2.54 0) (size 1.8 1.8) (drill 0.9) (layers *.Cu *.Mask)
      (net 3 "Net-(D0-Pad2)"))
    (model ${KISYS3DMOD}/LED_THT.3dshapes/LED_D5.0mm.wrl
      (at (xyz 0 0 0))
      (scale (xyz 1 1 1))
      (rotate (xyz 0 0 0))
    )
  )

  (module LED_THT:LED_D5.0mm (layer F.Cu) (tedit 5995936A) (tstamp 5F68019D)
    (at 159 82)
    (descr "LED, diameter 5.0mm, 2 pins, http://cdn-reichelt.de/documents/datenblatt/A500/LL-504BC2E-009.pdf")
    (tags "LED diameter 5.0mm 2 pins")
    (path /5F686591)
    (fp_text reference D11 (at 1.27 -3.96) (layer F.SilkS)
      (effects (font (size 1 1) (thickness 0.15)))
    )
    (fp_text value LED (at 1.27 3.96) (layer F.Fab)
      (effects (font (size 1 1) (thickness 0.15)))
    )
    (fp_line (start 4.5 -3.25) (end -1.95 -3.25) (layer F.CrtYd) (width 0.05))
    (fp_line (start 4.5 3.25) (end 4.5 -3.25) (layer F.CrtYd) (width 0.05))
    (fp_line (start -1.95 3.25) (end 4.5 3.25) (layer F.CrtYd) (width 0.05))
    (fp_line (start -1.95 -3.25) (end -1.95 3.25) (layer F.CrtYd) (width 0.05))
    (fp_line (start -1.29 -1.545) (end -1.29 1.545) (layer F.SilkS) (width 0.12))
    (fp_line (start -1.23 -1.469694) (end -1.23 1.469694) (layer F.Fab) (width 0.1))
    (fp_circle (center 1.27 0) (end 3.77 0) (layer F.SilkS) (width 0.12))
    (fp_circle (center 1.27 0) (end 3.77 0) (layer F.Fab) (width 0.1))
    (fp_text user %R (at 1.25 0) (layer F.Fab)
      (effects (font (size 0.8 0.8) (thickness 0.2)))
    )
    (fp_arc (start 1.27 0) (end -1.29 1.54483) (angle -148.9) (layer F.SilkS) (width 0.12))
    (fp_arc (start 1.27 0) (end -1.29 -1.54483) (angle 148.9) (layer F.SilkS) (width 0.12))
    (fp_arc (start 1.27 0) (end -1.23 -1.469694) (angle 299.1) (layer F.Fab) (width 0.1))
    (pad 2 thru_hole circle (at 2.54 0) (size 1.8 1.8) (drill 0.9) (layers *.Cu *.Mask)
      (net 5 "Net-(D1-Pad2)"))
    (pad 1 thru_hole rect (at 0 0) (size 1.8 1.8) (drill 0.9) (layers *.Cu *.Mask)
      (net 10 /PB3))
    (model ${KISYS3DMOD}/LED_THT.3dshapes/LED_D5.0mm.wrl
      (at (xyz 0 0 0))
      (scale (xyz 1 1 1))
      (rotate (xyz 0 0 0))
    )
  )

  (module Resistor_SMD:R_0805_2012Metric_Pad1.15x1.40mm_HandSolder (layer F.Cu) (tedit 5B36C52B) (tstamp 5F6801AE)
    (at 160.6 101.4)
    (descr "Resistor SMD 0805 (2012 Metric), square (rectangular) end terminal, IPC_7351 nominal with elongated pad for handsoldering. (Body size source: https://docs.google.com/spreadsheets/d/1BsfQQcO9C6DZCsRaXUlFlo91Tg2WpOkGARC1WS5S8t0/edit?usp=sharing), generated with kicad-footprint-generator")
    (tags "resistor handsolder")
    (path /5F674E54)
    (attr smd)
    (fp_text reference R1 (at 0 -1.65) (layer F.SilkS)
      (effects (font (size 1 1) (thickness 0.15)))
    )
    (fp_text value 100R (at 0 1.65) (layer F.Fab)
      (effects (font (size 1 1) (thickness 0.15)))
    )
    (fp_line (start 1.85 0.95) (end -1.85 0.95) (layer F.CrtYd) (width 0.05))
    (fp_line (start 1.85 -0.95) (end 1.85 0.95) (layer F.CrtYd) (width 0.05))
    (fp_line (start -1.85 -0.95) (end 1.85 -0.95) (layer F.CrtYd) (width 0.05))
    (fp_line (start -1.85 0.95) (end -1.85 -0.95) (layer F.CrtYd) (width 0.05))
    (fp_line (start -0.261252 0.71) (end 0.261252 0.71) (layer F.SilkS) (width 0.12))
    (fp_line (start -0.261252 -0.71) (end 0.261252 -0.71) (layer F.SilkS) (width 0.12))
    (fp_line (start 1 0.6) (end -1 0.6) (layer F.Fab) (width 0.1))
    (fp_line (start 1 -0.6) (end 1 0.6) (layer F.Fab) (width 0.1))
    (fp_line (start -1 -0.6) (end 1 -0.6) (layer F.Fab) (width 0.1))
    (fp_line (start -1 0.6) (end -1 -0.6) (layer F.Fab) (width 0.1))
    (fp_text user %R (at 0 0) (layer F.Fab)
      (effects (font (size 0.5 0.5) (thickness 0.08)))
    )
    (pad 2 smd roundrect (at 1.025 0) (size 1.15 1.4) (layers F.Cu F.Paste F.Mask) (roundrect_rratio 0.217391)
      (net 7 /PB1))
    (pad 1 smd roundrect (at -1.025 0) (size 1.15 1.4) (layers F.Cu F.Paste F.Mask) (roundrect_rratio 0.217391)
      (net 3 "Net-(D0-Pad2)"))
    (model ${KISYS3DMOD}/Resistor_SMD.3dshapes/R_0805_2012Metric.wrl
      (at (xyz 0 0 0))
      (scale (xyz 1 1 1))
      (rotate (xyz 0 0 0))
    )
  )

  (module Resistor_SMD:R_0805_2012Metric_Pad1.15x1.40mm_HandSolder (layer F.Cu) (tedit 5B36C52B) (tstamp 5F6801BF)
    (at 165.25 83.5 270)
    (descr "Resistor SMD 0805 (2012 Metric), square (rectangular) end terminal, IPC_7351 nominal with elongated pad for handsoldering. (Body size source: https://docs.google.com/spreadsheets/d/1BsfQQcO9C6DZCsRaXUlFlo91Tg2WpOkGARC1WS5S8t0/edit?usp=sharing), generated with kicad-footprint-generator")
    (tags "resistor handsolder")
    (path /5F675C16)
    (attr smd)
    (fp_text reference R2 (at 3 0 90) (layer F.SilkS)
      (effects (font (size 1 1) (thickness 0.15)))
    )
    (fp_text value 100R (at 0 1.65 90) (layer F.Fab)
      (effects (font (size 1 1) (thickness 0.15)))
    )
    (fp_line (start -1 0.6) (end -1 -0.6) (layer F.Fab) (width 0.1))
    (fp_line (start -1 -0.6) (end 1 -0.6) (layer F.Fab) (width 0.1))
    (fp_line (start 1 -0.6) (end 1 0.6) (layer F.Fab) (width 0.1))
    (fp_line (start 1 0.6) (end -1 0.6) (layer F.Fab) (width 0.1))
    (fp_line (start -0.261252 -0.71) (end 0.261252 -0.71) (layer F.SilkS) (width 0.12))
    (fp_line (start -0.261252 0.71) (end 0.261252 0.71) (layer F.SilkS) (width 0.12))
    (fp_line (start -1.85 0.95) (end -1.85 -0.95) (layer F.CrtYd) (width 0.05))
    (fp_line (start -1.85 -0.95) (end 1.85 -0.95) (layer F.CrtYd) (width 0.05))
    (fp_line (start 1.85 -0.95) (end 1.85 0.95) (layer F.CrtYd) (width 0.05))
    (fp_line (start 1.85 0.95) (end -1.85 0.95) (layer F.CrtYd) (width 0.05))
    (fp_text user %R (at 0 0 90) (layer F.Fab)
      (effects (font (size 0.5 0.5) (thickness 0.08)))
    )
    (pad 1 smd roundrect (at -1.025 0 270) (size 1.15 1.4) (layers F.Cu F.Paste F.Mask) (roundrect_rratio 0.217391)
      (net 5 "Net-(D1-Pad2)"))
    (pad 2 smd roundrect (at 1.025 0 270) (size 1.15 1.4) (layers F.Cu F.Paste F.Mask) (roundrect_rratio 0.217391)
      (net 9 /PB2))
    (model ${KISYS3DMOD}/Resistor_SMD.3dshapes/R_0805_2012Metric.wrl
      (at (xyz 0 0 0))
      (scale (xyz 1 1 1))
      (rotate (xyz 0 0 0))
    )
  )

  (module Resistor_SMD:R_0805_2012Metric_Pad1.15x1.40mm_HandSolder (layer F.Cu) (tedit 5B36C52B) (tstamp 5F6801D0)
    (at 140.75 105.25 180)
    (descr "Resistor SMD 0805 (2012 Metric), square (rectangular) end terminal, IPC_7351 nominal with elongated pad for handsoldering. (Body size source: https://docs.google.com/spreadsheets/d/1BsfQQcO9C6DZCsRaXUlFlo91Tg2WpOkGARC1WS5S8t0/edit?usp=sharing), generated with kicad-footprint-generator")
    (tags "resistor handsolder")
    (path /5F6768FE)
    (attr smd)
    (fp_text reference R3 (at 0 -1.65) (layer F.SilkS)
      (effects (font (size 1 1) (thickness 0.15)))
    )
    (fp_text value 100R (at 0 1.65) (layer F.Fab)
      (effects (font (size 1 1) (thickness 0.15)))
    )
    (fp_line (start 1.85 0.95) (end -1.85 0.95) (layer F.CrtYd) (width 0.05))
    (fp_line (start 1.85 -0.95) (end 1.85 0.95) (layer F.CrtYd) (width 0.05))
    (fp_line (start -1.85 -0.95) (end 1.85 -0.95) (layer F.CrtYd) (width 0.05))
    (fp_line (start -1.85 0.95) (end -1.85 -0.95) (layer F.CrtYd) (width 0.05))
    (fp_line (start -0.261252 0.71) (end 0.261252 0.71) (layer F.SilkS) (width 0.12))
    (fp_line (start -0.261252 -0.71) (end 0.261252 -0.71) (layer F.SilkS) (width 0.12))
    (fp_line (start 1 0.6) (end -1 0.6) (layer F.Fab) (width 0.1))
    (fp_line (start 1 -0.6) (end 1 0.6) (layer F.Fab) (width 0.1))
    (fp_line (start -1 -0.6) (end 1 -0.6) (layer F.Fab) (width 0.1))
    (fp_line (start -1 0.6) (end -1 -0.6) (layer F.Fab) (width 0.1))
    (fp_text user %R (at 0 0) (layer F.Fab)
      (effects (font (size 0.5 0.5) (thickness 0.08)))
    )
    (pad 2 smd roundrect (at 1.025 0 180) (size 1.15 1.4) (layers F.Cu F.Paste F.Mask) (roundrect_rratio 0.217391)
      (net 10 /PB3))
    (pad 1 smd roundrect (at -1.025 0 180) (size 1.15 1.4) (layers F.Cu F.Paste F.Mask) (roundrect_rratio 0.217391)
      (net 6 "Net-(D2-Pad2)"))
    (model ${KISYS3DMOD}/Resistor_SMD.3dshapes/R_0805_2012Metric.wrl
      (at (xyz 0 0 0))
      (scale (xyz 1 1 1))
      (rotate (xyz 0 0 0))
    )
  )

  (module Resistor_SMD:R_0805_2012Metric_Pad1.15x1.40mm_HandSolder (layer F.Cu) (tedit 5B36C52B) (tstamp 5F6801E1)
    (at 140 87.4)
    (descr "Resistor SMD 0805 (2012 Metric), square (rectangular) end terminal, IPC_7351 nominal with elongated pad for handsoldering. (Body size source: https://docs.google.com/spreadsheets/d/1BsfQQcO9C6DZCsRaXUlFlo91Tg2WpOkGARC1WS5S8t0/edit?usp=sharing), generated with kicad-footprint-generator")
    (tags "resistor handsolder")
    (path /5F676D30)
    (attr smd)
    (fp_text reference R4 (at 0 -1.65) (layer F.SilkS)
      (effects (font (size 1 1) (thickness 0.15)))
    )
    (fp_text value 100R (at 0 1.65) (layer F.Fab)
      (effects (font (size 1 1) (thickness 0.15)))
    )
    (fp_line (start -1 0.6) (end -1 -0.6) (layer F.Fab) (width 0.1))
    (fp_line (start -1 -0.6) (end 1 -0.6) (layer F.Fab) (width 0.1))
    (fp_line (start 1 -0.6) (end 1 0.6) (layer F.Fab) (width 0.1))
    (fp_line (start 1 0.6) (end -1 0.6) (layer F.Fab) (width 0.1))
    (fp_line (start -0.261252 -0.71) (end 0.261252 -0.71) (layer F.SilkS) (width 0.12))
    (fp_line (start -0.261252 0.71) (end 0.261252 0.71) (layer F.SilkS) (width 0.12))
    (fp_line (start -1.85 0.95) (end -1.85 -0.95) (layer F.CrtYd) (width 0.05))
    (fp_line (start -1.85 -0.95) (end 1.85 -0.95) (layer F.CrtYd) (width 0.05))
    (fp_line (start 1.85 -0.95) (end 1.85 0.95) (layer F.CrtYd) (width 0.05))
    (fp_line (start 1.85 0.95) (end -1.85 0.95) (layer F.CrtYd) (width 0.05))
    (fp_text user %R (at 0 0) (layer F.Fab)
      (effects (font (size 0.5 0.5) (thickness 0.08)))
    )
    (pad 1 smd roundrect (at -1.025 0) (size 1.15 1.4) (layers F.Cu F.Paste F.Mask) (roundrect_rratio 0.217391)
      (net 8 "Net-(D3-Pad2)"))
    (pad 2 smd roundrect (at 1.025 0) (size 1.15 1.4) (layers F.Cu F.Paste F.Mask) (roundrect_rratio 0.217391)
      (net 4 /PB0))
    (model ${KISYS3DMOD}/Resistor_SMD.3dshapes/R_0805_2012Metric.wrl
      (at (xyz 0 0 0))
      (scale (xyz 1 1 1))
      (rotate (xyz 0 0 0))
    )
  )

  (module Resistor_SMD:R_0805_2012Metric_Pad1.15x1.40mm_HandSolder (layer F.Cu) (tedit 5B36C52B) (tstamp 5F6801F2)
    (at 147 92.4)
    (descr "Resistor SMD 0805 (2012 Metric), square (rectangular) end terminal, IPC_7351 nominal with elongated pad for handsoldering. (Body size source: https://docs.google.com/spreadsheets/d/1BsfQQcO9C6DZCsRaXUlFlo91Tg2WpOkGARC1WS5S8t0/edit?usp=sharing), generated with kicad-footprint-generator")
    (tags "resistor handsolder")
    (path /5F6B9BC8)
    (attr smd)
    (fp_text reference R5 (at -3.2 -0.2) (layer F.SilkS)
      (effects (font (size 1 1) (thickness 0.15)))
    )
    (fp_text value 47K (at 0 1.65) (layer F.Fab)
      (effects (font (size 1 1) (thickness 0.15)))
    )
    (fp_line (start -1 0.6) (end -1 -0.6) (layer F.Fab) (width 0.1))
    (fp_line (start -1 -0.6) (end 1 -0.6) (layer F.Fab) (width 0.1))
    (fp_line (start 1 -0.6) (end 1 0.6) (layer F.Fab) (width 0.1))
    (fp_line (start 1 0.6) (end -1 0.6) (layer F.Fab) (width 0.1))
    (fp_line (start -0.261252 -0.71) (end 0.261252 -0.71) (layer F.SilkS) (width 0.12))
    (fp_line (start -0.261252 0.71) (end 0.261252 0.71) (layer F.SilkS) (width 0.12))
    (fp_line (start -1.85 0.95) (end -1.85 -0.95) (layer F.CrtYd) (width 0.05))
    (fp_line (start -1.85 -0.95) (end 1.85 -0.95) (layer F.CrtYd) (width 0.05))
    (fp_line (start 1.85 -0.95) (end 1.85 0.95) (layer F.CrtYd) (width 0.05))
    (fp_line (start 1.85 0.95) (end -1.85 0.95) (layer F.CrtYd) (width 0.05))
    (fp_text user %R (at 0 0) (layer F.Fab)
      (effects (font (size 0.5 0.5) (thickness 0.08)))
    )
    (pad 1 smd roundrect (at -1.025 0) (size 1.15 1.4) (layers F.Cu F.Paste F.Mask) (roundrect_rratio 0.217391)
      (net 11 "Net-(R5-Pad1)"))
    (pad 2 smd roundrect (at 1.025 0) (size 1.15 1.4) (layers F.Cu F.Paste F.Mask) (roundrect_rratio 0.217391)
      (net 1 +3V0))
    (model ${KISYS3DMOD}/Resistor_SMD.3dshapes/R_0805_2012Metric.wrl
      (at (xyz 0 0 0))
      (scale (xyz 1 1 1))
      (rotate (xyz 0 0 0))
    )
  )

  (module Corazon:3Pin_Sensor_SMD (layer F.Cu) (tedit 5DEE74EC) (tstamp 5F6801FC)
    (at 113 82)
    (path /5F671B3D)
    (fp_text reference SW1 (at -1.397 2.3 -180) (layer F.SilkS) hide
      (effects (font (size 0.8 0.8) (thickness 0.1)))
    )
    (fp_text value SW_SPDT (at 3 3.65 -180) (layer F.Fab) hide
      (effects (font (size 0.8 0.8) (thickness 0.1)))
    )
    (fp_line (start -3.75 -6) (end 3.75 -6) (layer F.SilkS) (width 0.1))
    (fp_line (start 3.75 -6) (end 3.75 1.25) (layer F.SilkS) (width 0.1))
    (fp_line (start -3.75 1.25) (end -3.75 -6) (layer F.SilkS) (width 0.1))
    (pad 3 smd rect (at 2.54 0) (size 1.7 2.5) (layers F.Cu F.Paste F.Mask)
      (solder_mask_margin -0.2))
    (pad 2 smd rect (at 0 0) (size 1.7 2.5) (layers F.Cu F.Paste F.Mask)
      (net 2 "Net-(BT1-Pad2)") (solder_mask_margin -0.2))
    (pad 1 smd rect (at -2.54 0) (size 1.7 2.5) (layers F.Cu F.Paste F.Mask)
      (net 12 GND) (solder_mask_margin -0.2))
  )

  (module Corazon:Taster_SMD_eBay4,5x3mm (layer F.Cu) (tedit 5AE72C1C) (tstamp 5F680208)
    (at 151 113.6)
    (tags Testpoint)
    (path /5F6B651E)
