(kicad_pcb (version 20171130) (host pcbnew "(5.1.6)-1")

  (general
    (thickness 1.6)
    (drawings 8)
    (tracks 53)
    (zones 0)
    (modules 10)
    (nets 9)
  )

  (page A4)
  (layers
    (0 F.Cu signal)
    (31 B.Cu signal)
    (32 B.Adhes user)
    (33 F.Adhes user)
    (34 B.Paste user)
    (35 F.Paste user)
    (36 B.SilkS user)
    (37 F.SilkS user)
    (38 B.Mask user)
    (39 F.Mask user)
    (40 Dwgs.User user)
    (41 Cmts.User user)
    (42 Eco1.User user)
    (43 Eco2.User user)
    (44 Edge.Cuts user)
    (45 Margin user)
    (46 B.CrtYd user)
    (47 F.CrtYd user)
    (48 B.Fab user hide)
    (49 F.Fab user hide)
  )

  (setup
    (last_trace_width 0.25)
    (trace_clearance 0.2)
    (zone_clearance 0.508)
    (zone_45_only no)
    (trace_min 0.2)
    (via_size 0.8)
    (via_drill 0.4)
    (via_min_size 0.4)
    (via_min_drill 0.3)
    (uvia_size 0.3)
    (uvia_drill 0.1)
    (uvias_allowed no)
    (uvia_min_size 0.2)
    (uvia_min_drill 0.1)
    (edge_width 0.05)
    (segment_width 0.2)
    (pcb_text_width 0.3)
    (pcb_text_size 1.5 1.5)
    (mod_edge_width 0.12)
    (mod_text_size 1 1)
    (mod_text_width 0.15)
    (pad_size 1.524 1.524)
    (pad_drill 0.762)
    (pad_to_mask_clearance 0.05)
    (aux_axis_origin 0 0)
    (visible_elements FFFFFF7F)
    (pcbplotparams
      (layerselection 0x010fc_ffffffff)
      (usegerberextensions false)
      (usegerberattributes true)
      (usegerberadvancedattributes true)
      (creategerberjobfile true)
      (excludeedgelayer true)
      (linewidth 0.100000)
      (plotframeref false)
      (viasonmask false)
      (mode 1)
      (useauxorigin false)
      (hpglpennumber 1)
      (hpglpenspeed 20)
      (hpglpendiameter 15.000000)
      (psnegative false)
      (psa4output false)
      (plotreference true)
      (plotvalue true)
      (plotinvisibletext false)
      (padsonsilk false)
      (subtractmaskfromsilk false)
      (outputformat 1)
      (mirror false)
      (drillshape 1)
      (scaleselection 1)
      (outputdirectory ""))
  )

  (net 0 "")
  (net 1 "Net-(D1-Pad1)")
  (net 2 "Net-(D1-Pad2)")
  (net 3 "Net-(D2-Pad2)")
  (net 4 "Net-(D3-Pad2)")
  (net 5 "Net-(D4-Pad2)")
  (net 6 "Net-(R1-Pad1)")
  (net 7 GND)
  (net 8 +3V3)

  (net_class Default "This is the default net class."
    (clearance 0.2)
    (trace_width 0.25)
    (via_dia 0.8)
    (via_drill 0.4)
    (uvia_dia 0.3)
    (uvia_drill 0.1)
    (add_net +3V3)
    (add_net GND)
    (add_net "Net-(D1-Pad1)")
    (add_net "Net-(D1-Pad2)")
    (add_net "Net-(D2-Pad2)")
    (add_net "Net-(D3-Pad2)")
    (add_net "Net-(D4-Pad2)")
    (add_net "Net-(R1-Pad1)")
  )

  (module LED_THT:LED_D3.0mm (layer F.Cu) (tedit 587A3A7B) (tstamp 5F64B3C3)
    (at 155 69)
    (descr "LED, diameter 3.0mm, 2 pins")
    (tags "LED diameter 3.0mm 2 pins")
    (path /5F65736A)
    (fp_text reference D1 (at 1.27 -2.96) (layer F.SilkS)
      (effects (font (size 1 1) (thickness 0.15)))
    )
    (fp_text value LED (at 1.27 2.96) (layer F.Fab)
      (effects (font (size 1 1) (thickness 0.15)))
    )
    (fp_line (start 3.7 -2.25) (end -1.15 -2.25) (layer F.CrtYd) (width 0.05))
    (fp_line (start 3.7 2.25) (end 3.7 -2.25) (layer F.CrtYd) (width 0.05))
    (fp_line (start -1.15 2.25) (end 3.7 2.25) (layer F.CrtYd) (width 0.05))
    (fp_line (start -1.15 -2.25) (end -1.15 2.25) (layer F.CrtYd) (width 0.05))
    (fp_line (start -0.29 1.08) (end -0.29 1.236) (layer F.SilkS) (width 0.12))
    (fp_line (start -0.29 -1.236) (end -0.29 -1.08) (layer F.SilkS) (width 0.12))
    (fp_line (start -0.23 -1.16619) (end -0.23 1.16619) (layer F.Fab) (width 0.1))
    (fp_circle (center 1.27 0) (end 2.77 0) (layer F.Fab) (width 0.1))
    (fp_arc (start 1.27 0) (end -0.23 -1.16619) (angle 284.3) (layer F.Fab) (width 0.1))
    (fp_arc (start 1.27 0) (end -0.29 -1.235516) (angle 108.8) (layer F.SilkS) (width 0.12))
    (fp_arc (start 1.27 0) (end -0.29 1.235516) (angle -108.8) (layer F.SilkS) (width 0.12))
    (fp_arc (start 1.27 0) (end 0.229039 -1.08) (angle 87.9) (layer F.SilkS) (width 0.12))
    (fp_arc (start 1.27 0) (end 0.229039 1.08) (angle -87.9) (layer F.SilkS) (width 0.12))
    (pad 1 thru_hole rect (at 0 0) (size 1.8 1.8) (drill 0.9) (layers *.Cu *.Mask)
      (net 1 "Net-(D1-Pad1)"))
    (pad 2 thru_hole circle (at 2.54 0) (size 1.8 1.8) (drill 0.9) (layers *.Cu *.Mask)
      (net 2 "Net-(D1-Pad2)"))
    (model ${KISYS3DMOD}/LED_THT.3dshapes/LED_D3.0mm.wrl
      (at (xyz 0 0 0))
      (scale (xyz 1 1 1))
      (rotate (xyz 0 0 0))
    )
  )

  (module LED_THT:LED_D3.0mm (layer F.Cu) (tedit 587A3A7B) (tstamp 5F64B3D6)
    (at 167 69)
    (descr "LED, diameter 3.0mm, 2 pins")
    (tags "LED diameter 3.0mm 2 pins")
    (path /5F658A18)
    (fp_text reference D2 (at 1.27 -2.96) (layer F.SilkS)
      (effects (font (size 1 1) (thickness 0.15)))
    )
    (fp_text value LED (at 1.27 2.96) (layer F.Fab)
      (effects (font (size 1 1) (thickness 0.15)))
    )
    (fp_arc (start 1.27 0) (end 0.229039 1.08) (angle -87.9) (layer F.SilkS) (width 0.12))
    (fp_arc (start 1.27 0) (end 0.229039 -1.08) (angle 87.9) (layer F.SilkS) (width 0.12))
    (fp_arc (start 1.27 0) (end -0.29 1.235516) (angle -108.8) (layer F.SilkS) (width 0.12))
    (fp_arc (start 1.27 0) (end -0.29 -1.235516) (angle 108.8) (layer F.SilkS) (width 0.12))
    (fp_arc (start 1.27 0) (end -0.23 -1.16619) (angle 284.3) (layer F.Fab) (width 0.1))
    (fp_circle (center 1.27 0) (end 2.77 0) (layer F.Fab) (width 0.1))
    (fp_line (start -0.23 -1.16619) (end -0.23 1.16619) (layer F.Fab) (width 0.1))
    (fp_line (start -0.29 -1.236) (end -0.29 -1.08) (layer F.SilkS) (width 0.12))
    (fp_line (start -0.29 1.08) (end -0.29 1.236) (layer F.SilkS) (width 0.12))
    (fp_line (start -1.15 -2.25) (end -1.15 2.25) (layer F.CrtYd) (width 0.05))
    (fp_line (start -1.15 2.25) (end 3.7 2.25) (layer F.CrtYd) (width 0.05))
    (fp_line (start 3.7 2.25) (end 3.7 -2.25) (layer F.CrtYd) (width 0.05))
    (fp_line (start 3.7 -2.25) (end -1.15 -2.25) (layer F.CrtYd) (width 0.05))
    (pad 2 thru_hole circle (at 2.54 0) (size 1.8 1.8) (drill 0.9) (layers *.Cu *.Mask)
      (net 3 "Net-(D2-Pad2)"))
    (pad 1 thru_hole rect (at 0 0) (size 1.8 1.8) (drill 0.9) (layers *.Cu *.Mask)
      (net 1 "Net-(D1-Pad1)"))
    (model ${KISYS3DMOD}/LED_THT.3dshapes/LED_D3.0mm.wrl
      (at (xyz 0 0 0))
      (scale (xyz 1 1 1))
      (rotate (xyz 0 0 0))
    )
  )

  (module LED_THT:LED_D3.0mm (layer F.Cu) (tedit 587A3A7B) (tstamp 5F64B3E9)
    (at 167 77)
    (descr "LED, diameter 3.0mm, 2 pins")
    (tags "LED diameter 3.0mm 2 pins")
    (path /5F659C08)
    (fp_text reference D3 (at 1.27 -2.96) (layer F.SilkS)
      (effects (font (size 1 1) (thickness 0.15)))
    )
    (fp_text value LED (at 1.27 2.96) (layer F.Fab)
      (effects (font (size 1 1) (thickness 0.15)))
    )
    (fp_line (start 3.7 -2.25) (end -1.15 -2.25) (layer F.CrtYd) (width 0.05))
    (fp_line (start 3.7 2.25) (end 3.7 -2.25) (layer F.CrtYd) (width 0.05))
    (fp_line (start -1.15 2.25) (end 3.7 2.25) (layer F.CrtYd) (width 0.05))
    (fp_line (start -1.15 -2.25) (end -1.15 2.25) (layer F.CrtYd) (width 0.05))
    (fp_line (start -0.29 1.08) (end -0.29 1.236) (layer F.SilkS) (width 0.12))
    (fp_line (start -0.29 -1.236) (end -0.29 -1.08) (layer F.SilkS) (width 0.12))
    (fp_line (start -0.23 -1.16619) (end -0.23 1.16619) (layer F.Fab) (width 0.1))
    (fp_circle (center 1.27 0) (end 2.77 0) (layer F.Fab) (width 0.1))
    (fp_arc (start 1.27 0) (end -0.23 -1.16619) (angle 284.3) (layer F.Fab) (width 0.1))
    (fp_arc (start 1.27 0) (end -0.29 -1.235516) (angle 108.8) (layer F.SilkS) (width 0.12))
    (fp_arc (start 1.27 0) (end -0.29 1.235516) (angle -108.8) (layer F.SilkS) (width 0.12))
    (fp_arc (start 1.27 0) (end 0.229039 -1.08) (angle 87.9) (layer F.SilkS) (width 0.12))
    (fp_arc (start 1.27 0) (end 0.229039 1.08) (angle -87.9) (layer F.SilkS) (width 0.12))
    (pad 1 thru_hole rect (at 0 0) (size 1.8 1.8) (drill 0.9) (layers *.Cu *.Mask)
      (net 1 "Net-(D1-Pad1)"))
    (pad 2 thru_hole circle (at 2.54 0) (size 1.8 1.8) (drill 0.9) (layers *.Cu *.Mask)
      (net 4 "Net-(D3-Pad2)"))
    (model ${KISYS3DMOD}/LED_THT.3dshapes/LED_D3.0mm.wrl
      (at (xyz 0 0 0))
      (scale (xyz 1 1 1))
      (rotate (xyz 0 0 0))
    )
  )

  (module LED_THT:LED_D3.0mm (layer F.Cu) (tedit 587A3A7B) (tstamp 5F64B3FC)
    (at 161 77)
    (descr "LED, diameter 3.0mm, 2 pins")
    (tags "LED diameter 3.0mm 2 pins")
    (path /5F659888)
    (fp_text reference D4 (at 1.27 -2.96) (layer F.SilkS)
      (effects (font (size 1 1) (thickness 0.15)))
    )
    (fp_text value LED (at 1.27 2.96) (layer F.Fab)
      (effects (font (size 1 1) (thickness 0.15)))
    )
    (fp_arc (start 1.27 0) (end 0.229039 1.08) (angle -87.9) (layer F.SilkS) (width 0.12))
    (fp_arc (start 1.27 0) (end 0.229039 -1.08) (angle 87.9) (layer F.SilkS) (width 0.12))
    (fp_arc (start 1.27 0) (end -0.29 1.235516) (angle -108.8) (layer F.SilkS) (width 0.12))
    (fp_arc (start 1.27 0) (end -0.29 -1.235516) (angle 108.8) (layer F.SilkS) (width 0.12))
    (fp_arc (start 1.27 0) (end -0.23 -1.16619) (angle 284.3) (layer F.Fab) (width 0.1))
    (fp_circle (center 1.27 0) (end 2.77 0) (layer F.Fab) (width 0.1))
    (fp_line (start -0.23 -1.16619) (end -0.23 1.16619) (layer F.Fab) (width 0.1))
    (fp_line (start -0.29 -1.236) (end -0.29 -1.08) (layer F.SilkS) (width 0.12))
    (fp_line (start -0.29 1.08) (end -0.29 1.236) (layer F.SilkS) (width 0.12))
    (fp_line (start -1.15 -2.25) (end -1.15 2.25) (layer F.CrtYd) (width 0.05))
    (fp_line (start -1.15 2.25) (end 3.7 2.25) (layer F.CrtYd) (width 0.05))
    (fp_line (start 3.7 2.25) (end 3.7 -2.25) (layer F.CrtYd) (width 0.05))
    (fp_line (start 3.7 -2.25) (end -1.15 -2.25) (layer F.CrtYd) (width 0.05))
    (pad 2 thru_hole circle (at 2.54 0) (size 1.8 1.8) (drill 0.9) (layers *.Cu *.Mask)
      (net 5 "Net-(D4-Pad2)"))
    (pad 1 thru_hole rect (at 0 0) (size 1.8 1.8) (drill 0.9) (layers *.Cu *.Mask)
      (net 1 "Net-(D1-Pad1)"))
    (model ${KISYS3DMOD}/LED_THT.3dshapes/LED_D3.0mm.wrl
      (at (xyz 0 0 0))
      (scale (xyz 1 1 1))
      (rotate (xyz 0 0 0))
    )
  )

  (module LED_THT:LED_D3.0mm (layer F.Cu) (tedit 587A3A7B) (tstamp 5F64B40F)
    (at 155 77)
    (descr "LED, diameter 3.0mm, 2 pins")
    (tags "LED diameter 3.0mm 2 pins")
    (path /5F659026)
    (fp_text reference D5 (at 1.27 -2.96) (layer F.SilkS)
      (effects (font (size 1 1) (thickness 0.15)))
    )
    (fp_text value LED (at 1.27 2.96) (layer F.Fab)
      (effects (font (size 1 1) (thickness 0.15)))
    )
    (fp_line (start 3.7 -2.25) (end -1.15 -2.25) (layer F.CrtYd) (width 0.05))
    (fp_line (start 3.7 2.25) (end 3.7 -2.25) (layer F.CrtYd) (width 0.05))
    (fp_line (start -1.15 2.25) (end 3.7 2.25) (layer F.CrtYd) (width 0.05))
    (fp_line (start -1.15 -2.25) (end -1.15 2.25) (layer F.CrtYd) (width 0.05))
    (fp_line (start -0.29 1.08) (end -0.29 1.236) (layer F.SilkS) (width 0.12))
    (fp_line (start -0.29 -1.236) (end -0.29 -1.08) (layer F.SilkS) (width 0.12))
    (fp_line (start -0.23 -1.16619) (end -0.23 1.16619) (layer F.Fab) (width 0.1))
    (fp_circle (center 1.27 0) (end 2.77 0) (layer F.Fab) (width 0.1))
    (fp_arc (start 1.27 0) (end -0.23 -1.16619) (angle 284.3) (layer F.Fab) (width 0.1))
    (fp_arc (start 1.27 0) (end -0.29 -1.235516) (angle 108.8) (layer F.SilkS) (width 0.12))
    (fp_arc (start 1.27 0) (end -0.29 1.235516) (angle -108.8) (layer F.SilkS) (width 0.12))
    (fp_arc (start 1.27 0) (end 0.229039 -1.08) (angle 87.9) (layer F.SilkS) (width 0.12))
    (fp_arc (start 1.27 0) (end 0.229039 1.08) (angle -87.9) (layer F.SilkS) (width 0.12))
    (pad 1 thru_hole rect (at 0 0) (size 1.8 1.8) (drill 0.9) (layers *.Cu *.Mask)
      (net 1 "Net-(D1-Pad1)"))
    (pad 2 thru_hole circle (at 2.54 0) (size 1.8 1.8) (drill 0.9) (layers *.Cu *.Mask)
      (net 4 "Net-(D3-Pad2)"))
    (model ${KISYS3DMOD}/LED_THT.3dshapes/LED_D3.0mm.wrl
      (at (xyz 0 0 0))
      (scale (xyz 1 1 1))
      (rotate (xyz 0 0 0))
    )
  )

  (module LED_THT:LED_D3.0mm (layer F.Cu) (tedit 587A3A7B) (tstamp 5F64B422)
    (at 155 85)
    (descr "LED, diameter 3.0mm, 2 pins")
    (tags "LED diameter 3.0mm 2 pins")
    (path /5F65B893)
    (fp_text reference D6 (at 1.27 -2.96) (layer F.SilkS)
      (effects (font (size 1 1) (thickness 0.15)))
    )
    (fp_text value LED (at 1.27 2.96) (layer F.Fab)
      (effects (font (size 1 1) (thickness 0.15)))
    )
    (fp_arc (start 1.27 0) (end 0.229039 1.08) (angle -87.9) (layer F.SilkS) (width 0.12))
    (fp_arc (start 1.27 0) (end 0.229039 -1.08) (angle 87.9) (layer F.SilkS) (width 0.12))
    (fp_arc (start 1.27 0) (end -0.29 1.235516) (angle -108.8) (layer F.SilkS) (width 0.12))
    (fp_arc (start 1.27 0) (end -0.29 -1.235516) (angle 108.8) (layer F.SilkS) (width 0.12))
    (fp_arc (start 1.27 0) (end -0.23 -1.16619) (angle 284.3) (layer F.Fab) (width 0.1))
    (fp_circle (center 1.27 0) (end 2.77 0) (layer F.Fab) (width 0.1))
    (fp_line (start -0.23 -1.16619) (end -0.23 1.16619) (layer F.Fab) (width 0.1))
    (fp_line (start -0.29 -1.236) (end -0.29 -1.08) (layer F.SilkS) (width 0.12))
    (fp_line (start -0.29 1.08) (end -0.29 1.236) (layer F.SilkS) (width 0.12))
    (fp_line (start -1.15 -2.25) (end -1.15 2.25) (layer F.CrtYd) (width 0.05))
    (fp_line (start -1.15 2.25) (end 3.7 2.25) (layer F.CrtYd) (width 0.05))
    (fp_line (start 3.7 2.25) (end 3.7 -2.25) (layer F.CrtYd) (width 0.05))
    (fp_line (start 3.7 -2.25) (end -1.15 -2.25) (layer F.CrtYd) (width 0.05))
    (pad 2 thru_hole circle (at 2.54 0) (size 1.8 1.8) (drill 0.9) (layers *.Cu *.Mask)
      (net 3 "Net-(D2-Pad2)"))
    (pad 1 thru_hole rect (at 0 0) (size 1.8 1.8) (drill 0.9) (layers *.Cu *.Mask)
      (net 1 "Net-(D1-Pad1)"))
    (model ${KISYS3DMOD}/LED_THT.3dshapes/LED_D3.0mm.wrl
      (at (xyz 0 0 0))
      (scale (xyz 1 1 1))
      (rotate (xyz 0 0 0))
    )
  )

  (module LED_THT:LED_D3.0mm (layer F.Cu) (tedit 587A3A7B) (tstamp 5F64B435)
    (at 167 85)
    (descr "LED, diameter 3.0mm, 2 pins")
    (tags "LED diameter 3.0mm 2 pins")
    (path /5F65B89D)
    (fp_text reference D7 (at 1.27 -2.96) (layer F.SilkS)
      (effects (font (size 1 1) (thickness 0.15)))
    )
    (fp_text value LED (at 1.27 2.96) (layer F.Fab)
      (effects (font (size 1 1) (thickness 0.15)))
    )
    (fp_line (start 3.7 -2.25) (end -1.15 -2.25) (layer F.CrtYd) (width 0.05))
    (fp_line (start 3.7 2.25) (end 3.7 -2.25) (layer F.CrtYd) (width 0.05))
    (fp_line (start -1.15 2.25) (end 3.7 2.25) (layer F.CrtYd) (width 0.05))
    (fp_line (start -1.15 -2.25) (end -1.15 2.25) (layer F.CrtYd) (width 0.05))
    (fp_line (start -0.29 1.08) (end -0.29 1.236) (layer F.SilkS) (width 0.12))
    (fp_line (start -0.29 -1.236) (end -0.29 -1.08) (layer F.SilkS) (width 0.12))
    (fp_line (start -0.23 -1.16619) (end -0.23 1.16619) (layer F.Fab) (width 0.1))
    (fp_circle (center 1.27 0) (end 2.77 0) (layer F.Fab) (width 0.1))
    (fp_arc (start 1.27 0) (end -0.23 -1.16619) (angle 284.3) (layer F.Fab) (width 0.1))
    (fp_arc (start 1.27 0) (end -0.29 -1.235516) (angle 108.8) (layer F.SilkS) (width 0.12))
    (fp_arc (start 1.27 0) (end -0.29 1.235516) (angle -108.8) (layer F.SilkS) (width 0.12))
    (fp_arc (start 1.27 0) (end 0.229039 -1.08) (angle 87.9) (layer F.SilkS) (width 0.12))
    (fp_arc (start 1.27 0) (end 0.229039 1.08) (angle -87.9) (layer F.SilkS) (width 0.12))
    (pad 1 thru_hole rect (at 0 0) (size 1.8 1.8) (drill 0.9) (layers *.Cu *.Mask)
      (net 1 "Net-(D1-Pad1)"))
    (pad 2 thru_hole circle (at 2.54 0) (size 1.8 1.8) (drill 0.9) (layers *.Cu *.Mask)
      (net 2 "Net-(D1-Pad2)"))
    (model ${KISYS3DMOD}/LED_THT.3dshapes/LED_D3.0mm.wrl
      (at (xyz 0 0 0))
      (scale (xyz 1 1 1))
      (rotate (xyz 0 0 0))
    )
  )

  (module Resistor_THT:R_Axial_DIN0204_L3.6mm_D1.6mm_P5.08mm_Horizontal (layer F.Cu) (tedit 5AE5139B) (tstamp 5F64B448)
    (at 145 79 180)
    (descr "Resistor, Axial_DIN0204 series, Axial, Horizontal, pin pitch=5.08mm, 0.167W, length*diameter=3.6*1.6mm^2, http://cdn-reichelt.de/documents/datenblatt/B400/1_4W%23YAG.pdf")
    (tags "Resistor Axial_DIN0204 series Axial Horizontal pin pitch 5.08mm 0.167W length 3.6mm diameter 1.6mm")
    (path /5F6464FC)
    (fp_text reference R1 (at 2.54 -1.92) (layer F.SilkS)
      (effects (font (size 1 1) (thickness 0.15)))
    )
    (fp_text value 10k (at 2.54 1.92) (layer F.Fab)
      (effects (font (size 1 1) (thickness 0.15)))
    )
    (fp_line (start 6.03 -1.05) (end -0.95 -1.05) (layer F.CrtYd) (width 0.05))
    (fp_line (start 6.03 1.05) (end 6.03 -1.05) (layer F.CrtYd) (width 0.05))
    (fp_line (start -0.95 1.05) (end 6.03 1.05) (layer F.CrtYd) (width 0.05))
    (fp_line (start -0.95 -1.05) (end -0.95 1.05) (layer F.CrtYd) (width 0.05))
    (fp_line (start 0.62 0.92) (end 4.46 0.92) (layer F.SilkS) (width 0.12))
    (fp_line (start 0.62 -0.92) (end 4.46 -0.92) (layer F.SilkS) (width 0.12))
    (fp_line (start 5.08 0) (end 4.34 0) (layer F.Fab) (width 0.1))
    (fp_line (start 0 0) (end 0.74 0) (layer F.Fab) (width 0.1))
    (fp_line (start 4.34 -0.8) (end 0.74 -0.8) (layer F.Fab) (width 0.1))
    (fp_line (start 4.34 0.8) (end 4.34 -0.8) (layer F.Fab) (width 0.1))
    (fp_line (start 0.74 0.8) (end 4.34 0.8) (layer F.Fab) (width 0.1))
    (fp_line (start 0.74 -0.8) (end 0.74 0.8) (layer F.Fab) (width 0.1))
    (fp_text user %R (at 2.54 0) (layer F.Fab)
      (effects (font (size 0.72 0.72) (thickness 0.108)))
    )
    (pad 1 thru_hole circle (at 0 0 180) (size 1.4 1.4) (drill 0.7) (layers *.Cu *.Mask)
      (net 6 "Net-(R1-Pad1)"))
    (pad 2 thru_hole oval (at 5.08 0 180) (size 1.4 1.4) (drill 0.7) (layers *.Cu *.Mask)
      (net 7 GND))
    (model ${KISYS3DMOD}/Resistor_THT.3dshapes/R_Axial_DIN0204_L3.6mm_D1.6mm_P5.08mm_Horizontal.wrl
      (at (xyz 0 0 0))
      (scale (xyz 1 1 1))
      (rotate (xyz 0 0 0))
    )
  )

  (module Button_Switch_THT:SW_PUSH_6mm_H5mm (layer F.Cu) (tedit 5A02FE31) (tstamp 5F64B467)
    (at 147 88 180)
    (descr "tactile push button, 6x6mm e.g. PHAP33xx series, height=5mm")
    (tags "tact sw push 6mm")
    (path /5F67A597)
    (fp_text reference SW1 (at 3.25 -2) (layer F.SilkS)
      (effects (font (size 1 1) (thickness 0.15)))
    )
    (fp_text value SWITCH (at 3.75 6.7) (layer F.Fab)
      (effects (font (size 1 1) (thickness 0.15)))
    )
    (fp_circle (center 3.25 2.25) (end 1.25 2.5) (layer F.Fab) (width 0.1))
    (fp_line (start 6.75 3) (end 6.75 1.5) (layer F.SilkS) (width 0.12))
    (fp_line (start 5.5 -1) (end 1 -1) (layer F.SilkS) (width 0.12))
    (fp_line (start -0.25 1.5) (end -0.25 3) (layer F.SilkS) (width 0.12))
    (fp_line (start 1 5.5) (end 5.5 5.5) (layer F.SilkS) (width 0.12))
    (fp_line (start 8 -1.25) (end 8 5.75) (layer F.CrtYd) (width 0.05))
    (fp_line (start 7.75 6) (end -1.25 6) (layer F.CrtYd) (width 0.05))
    (fp_line (start -1.5 5.75) (end -1.5 -1.25) (layer F.CrtYd) (width 0.05))
    (fp_line (start -1.25 -1.5) (end 7.75 -1.5) (layer F.CrtYd) (width 0.05))
    (fp_line (start -1.5 6) (end -1.25 6) (layer F.CrtYd) (width 0.05))
    (fp_line (start -1.5 5.75) (end -1.5 6) (layer F.CrtYd) (width 0.05))
    (fp_line (start -1.5 -1.5) (end -1.25 -1.5) (layer F.CrtYd) (width 0.05))
    (fp_line (start -1.5 -1.25) (end -1.5 -1.5) (layer F.CrtYd) (width 0.05))
    (fp_line (start 8 -1.5) (end 8 -1.25) (layer F.CrtYd) (width 0.05))
    (fp_line (start 7.75 -1.5) (end 8 -1.5) (layer F.CrtYd) (width 0.05))
    (fp_line (start 8 6) (end 8 5.75) (layer F.CrtYd) (width 0.05))
    (fp_line (start 7.75 6) (end 8 6) (layer F.CrtYd) (width 0.05))
    (fp_line (start 0.25 -0.75) (end 3.25 -0.75) (layer F.Fab) (width 0.1))
    (fp_line (start 0.25 5.25) (end 0.25 -0.75) (layer F.Fab) (width 0.1))
    (fp_line (start 6.25 5.25) (end 0.25 5.25) (layer F.Fab) (width 0.1))
    (fp_line (start 6.25 -0.75) (end 6.25 5.25) (layer F.Fab) (width 0.1))
    (fp_line (start 3.25 -0.75) (end 6.25 -0.75) (layer F.Fab) (width 0.1))
    (fp_text user %R (at 3.25 2.25) (layer F.Fab)
      (effects (font (size 1 1) (thickness 0.15)))
    )
    (pad 2 thru_hole circle (at 0 4.5 270) (size 2 2) (drill 1.1) (layers *.Cu *.Mask)
      (net 8 +3V3))
    (pad 1 thru_hole circle (at 0 0 270) (size 2 2) (drill 1.1) (layers *.Cu *.Mask)
      (net 6 "Net-(R1-Pad1)"))
    (pad 2 thru_hole circle (at 6.5 4.5 270) (size 2 2) (drill 1.1) (layers *.Cu *.Mask)
      (net 8 +3V3))
    (pad 1 thru_hole circle (at 6.5 0 270) (size 2 2) (drill 1.1) (layers *.Cu *.Mask)
      (net 6 "Net-(R1-Pad1)"))
    (model ${KISYS3DMOD}/Button_Switch_THT.3dshapes/SW_PUSH_6mm_H5mm.wrl
      (at (xyz 0 0 0))
      (scale (xyz 1 1 1))
      (rotate (xyz 0 0 0))
    )
  )

  (module Package_DIP:DIP-8_W7.62mm (layer F.Cu) (tedit 5A02E8C5) (tstamp 5F64B483)
    (at 140 68)
    (descr "8-lead though-hole mounted DIP package, row spacing 7.62 mm (300 mils)")
    (tags "THT DIP DIL PDIP 2.54mm 7.62mm 300mil")
    (path /5F64210A)
    (fp_text reference U1 (at 3.81 -2.33) (layer F.SilkS)
      (effects (font (size 1 1) (thickness 0.15)))
    )
    (fp_text value ATtiny85-20PU (at 3.81 9.95) (layer F.Fab)
      (effects (font (size 1 1) (thickness 0.15)))
    )
    (fp_line (start 8.7 -1.55) (end -1.1 -1.55) (layer F.CrtYd) (width 0.05))
    (fp_line (start 8.7 9.15) (end 8.7 -1.55) (layer F.CrtYd) (width 0.05))
    (fp_line (start -1.1 9.15) (end 8.7 9.15) (layer F.CrtYd) (width 0.05))
    (fp_line (start -1.1 -1.55) (end -1.1 9.15) (layer F.CrtYd) (width 0.05))
    (fp_line (start 6.46 -1.33) (end 4.81 -1.33) (layer F.SilkS) (width 0.12))
    (fp_line (start 6.46 8.95) (end 6.46 -1.33) (layer F.SilkS) (width 0.12))
    (fp_line (start 1.16 8.95) (end 6.46 8.95) (layer F.SilkS) (width 0.12))
    (fp_line (start 1.16 -1.33) (end 1.16 8.95) (layer F.SilkS) (width 0.12))
    (fp_line (start 2.81 -1.33) (end 1.16 -1.33) (layer F.SilkS) (width 0.12))
    (fp_line (start 0.635 -0.27) (end 1.635 -1.27) (layer F.Fab) (width 0.1))
    (fp_line (start 0.635 8.89) (end 0.635 -0.27) (layer F.Fab) (width 0.1))
    (fp_line (start 6.985 8.89) (end 0.635 8.89) (layer F.Fab) (width 0.1))
    (fp_line (start 6.985 -1.27) (end 6.985 8.89) (layer F.Fab) (width 0.1))
    (fp_line (start 1.635 -1.27) (end 6.985 -1.27) (layer F.Fab) (width 0.1))
    (fp_arc (start 3.81 -1.33) (end 2.81 -1.33) (angle -180) (layer F.SilkS) (width 0.12))
    (fp_text user %R (at 3.81 3.81) (layer F.Fab)
      (effects (font (size 1 1) (thickness 0.15)))
    )
    (pad 1 thru_hole rect (at 0 0) (size 1.6 1.6) (drill 0.8) (layers *.Cu *.Mask)
      (net 2 "Net-(D1-Pad2)"))
    (pad 5 thru_hole oval (at 7.62 7.62) (size 1.6 1.6) (drill 0.8) (layers *.Cu *.Mask))
    (pad 2 thru_hole oval (at 0 2.54) (size 1.6 1.6) (drill 0.8) (layers *.Cu *.Mask)
      (net 5 "Net-(D4-Pad2)"))
    (pad 6 thru_hole oval (at 7.62 5.08) (size 1.6 1.6) (drill 0.8) (layers *.Cu *.Mask)
      (net 4 "Net-(D3-Pad2)"))
    (pad 3 thru_hole oval (at 0 5.08) (size 1.6 1.6) (drill 0.8) (layers *.Cu *.Mask)
      (net 3 "Net-(D2-Pad2)"))
    (pad 7 thru_hole oval (at 7.62 2.54) (size 1.6 1.6) (drill 0.8) (layers *.Cu *.Mask))
    (pad 4 thru_hole oval (at 0 7.62) (size 1.6 1.6) (drill 0.8) (layers *.Cu *.Mask)
      (net 7 GND))
    (pad 8 thru_hole oval (at 7.62 0) (size 1.6 1.6) (drill 0.8) (layers *.Cu *.Mask)
      (net 8 +3V3))
    (model ${KISYS3DMOD}/Package_DIP.3dshapes/DIP-8_W7.62mm.wrl
      (at (xyz 0 0 0))
      (scale (xyz 1 1 1))
      (rotate (xyz 0 0 0))
    )
  )

  (gr_line (start 135 65) (end 135 90) (layer Edge.Cuts) (width 0.05) (tstamp 5F64C371))
  (gr_line (start 138 62) (end 172 62) (layer Edge.Cuts) (width 0.05) (tstamp 5F64C370))
  (gr_line (start 175 65) (end 175 90) (layer Edge.Cuts) (width 0.05) (tstamp 5F64C36F))
  (gr_line (start 138 93) (end 172 93) (layer Edge.Cuts) (width 0.05) (tstamp 5F64C36E))
  (gr_arc (start 138 65) (end 138 62) (angle -90) (layer Edge.Cuts) (width 0.05))
  (gr_arc (start 138 90) (end 135 90) (angle -90) (layer Edge.Cuts) (width 0.05))
  (gr_arc (start 172 90) (end 172 93) (angle -90) (layer Edge.Cuts) (width 0.05))
  (gr_arc (start 172 65) (end 175 65) (angle -90) (layer Edge.Cuts) (width 0.05))

  (segment (start 155 85) (end 155 77) (width 0.25) (layer F.Cu) (net 1))
  (segment (start 155 77) (end 155 69) (width 0.25) (layer F.Cu) (net 1))
  (segment (start 167 69) (end 167 77) (width 0.25) (layer F.Cu) (net 1))
  (segment (start 167 85) (end 167 77) (width 0.25) (layer F.Cu) (net 1))
  (segment (start 165.774999 86.225001) (end 167 85) (width 0.25) (layer F.Cu) (net 1))
  (segment (start 156.225001 86.225001) (end 165.774999 86.225001) (width 0.25) (layer F.Cu) (net 1))
  (segment (start 155 85) (end 156.225001 86.225001) (width 0.25) (layer F.Cu) (net 1))
  (segment (start 157 75) (end 155 77) (width 0.25) (layer F.Cu) (net 1))
  (segment (start 161 77) (end 159 75) (width 0.25) (layer F.Cu) (net 1))
  (segment (start 159 75) (end 157 75) (width 0.25) (layer F.Cu) (net 1))
  (segment (start 157.54 69) (end 165.4 76.86) (width 0.25) (layer B.Cu) (net 2))
  (segment (start 165.4 80.86) (end 169.54 85) (width 0.25) (layer B.Cu) (net 2))
  (segment (start 165.4 76.86) (end 165.4 80.86) (width 0.25) (layer B.Cu) (net 2))
  (segment (start 140 68) (end 141.6 68) (width 0.25) (layer F.Cu) (net 2))
  (segment (start 141.6 68) (end 143.4 66.2) (width 0.25) (layer F.Cu) (net 2))
  (segment (start 143.4 66.2) (end 154.8 66.2) (width 0.25) (layer F.Cu) (net 2))
  (segment (start 157.54 68.94) (end 157.54 69) (width 0.25) (layer F.Cu) (net 2))
  (segment (start 154.8 66.2) (end 157.54 68.94) (width 0.25) (layer F.Cu) (net 2))
  (segment (start 157.54 85) (end 160.8 85) (width 0.25) (layer F.Cu) (net 3))
  (segment (start 160.8 85) (end 165.4 80.4) (width 0.25) (layer F.Cu) (net 3))
  (via (at 165.4 74.6) (size 0.8) (drill 0.4) (layers F.Cu B.Cu) (net 3))
  (segment (start 165.4 80.4) (end 165.4 74.6) (width 0.25) (layer F.Cu) (net 3))
  (segment (start 165.4 73.14) (end 169.54 69) (width 0.25) (layer B.Cu) (net 3))
  (segment (start 165.4 74.6) (end 165.4 73.14) (width 0.25) (layer B.Cu) (net 3))
  (segment (start 140 73.08) (end 142.8 75.88) (width 0.25) (layer B.Cu) (net 3))
  (segment (start 142.8 75.88) (end 142.8 79.2) (width 0.25) (layer B.Cu) (net 3))
  (segment (start 142.8 79.2) (end 144.6 81) (width 0.25) (layer B.Cu) (net 3))
  (segment (start 153.54 81) (end 157.54 85) (width 0.25) (layer B.Cu) (net 3))
  (segment (start 144.6 81) (end 153.54 81) (width 0.25) (layer B.Cu) (net 3))
  (segment (start 157.54 77) (end 155 74.46) (width 0.25) (layer B.Cu) (net 4))
  (segment (start 149 74.46) (end 147.62 73.08) (width 0.25) (layer B.Cu) (net 4))
  (segment (start 155 74.46) (end 149 74.46) (width 0.25) (layer B.Cu) (net 4))
  (via (at 159.6 73.2) (size 0.8) (drill 0.4) (layers F.Cu B.Cu) (net 4))
  (segment (start 157.54 77) (end 157.54 75.26) (width 0.25) (layer B.Cu) (net 4))
  (segment (start 157.54 75.26) (end 159.6 73.2) (width 0.25) (layer B.Cu) (net 4))
  (via (at 166.182653 73.382653) (size 0.8) (drill 0.4) (layers F.Cu B.Cu) (net 4))
  (segment (start 159.6 73.2) (end 166 73.2) (width 0.25) (layer F.Cu) (net 4))
  (segment (start 166 73.2) (end 166.182653 73.382653) (width 0.25) (layer F.Cu) (net 4))
  (segment (start 169.54 76.74) (end 169.54 77) (width 0.25) (layer B.Cu) (net 4))
  (segment (start 166.182653 73.382653) (end 169.54 76.74) (width 0.25) (layer B.Cu) (net 4))
  (segment (start 144.6 75.14) (end 140 70.54) (width 0.25) (layer B.Cu) (net 5))
  (segment (start 147.6 79) (end 144.6 76) (width 0.25) (layer B.Cu) (net 5))
  (segment (start 144.6 76) (end 144.6 75.14) (width 0.25) (layer B.Cu) (net 5))
  (segment (start 163.54 77) (end 161.54 79) (width 0.25) (layer B.Cu) (net 5))
  (segment (start 161.54 79) (end 147.6 79) (width 0.25) (layer B.Cu) (net 5))
  (segment (start 145 86) (end 147 88) (width 0.25) (layer F.Cu) (net 6))
  (segment (start 145 79) (end 145 86) (width 0.25) (layer F.Cu) (net 6))
  (segment (start 143 88) (end 145 86) (width 0.25) (layer F.Cu) (net 6))
  (segment (start 140.5 88) (end 143 88) (width 0.25) (layer F.Cu) (net 6))
  (segment (start 147 83.5) (end 140.5 83.5) (width 0.25) (layer B.Cu) (net 8))
  (segment (start 147.62 68) (end 150 70.38) (width 0.25) (layer F.Cu) (net 8))
  (segment (start 150 80.5) (end 147 83.5) (width 0.25) (layer F.Cu) (net 8))
  (segment (start 150 70.38) (end 150 80.5) (width 0.25) (layer F.Cu) (net 8))

  (zone (net 8) (net_name +3V3) (layer F.Cu) (tstamp 0) (hatch edge 0.508)
    (connect_pads (clearance 0.508))
    (min_thickness 0.254)
    (fill yes (arc_segments 32) (thermal_gap 0.508) (thermal_bridge_width 0.508))
    (polygon
      (pts
        (xy 176 94) (xy 134 94) (xy 134 61) (xy 176 61)
      )
    )
    (filled_polygon
      (pts
        (xy 172.453893 62.70767) (xy 172.890498 62.839489) (xy 173.293185 63.0536) (xy 173.646612 63.341848) (xy 173.937327 63.693261)
        (xy 174.154242 64.094439) (xy 174.289106 64.530113) (xy 174.34 65.014344) (xy 174.340001 89.967711) (xy 174.29233 90.453894)
        (xy 174.160512 90.890497) (xy 173.946399 91.293186) (xy 173.65815 91.646613) (xy 173.306739 91.937327) (xy 172.905564 92.15424)
        (xy 172.469886 92.289106) (xy 171.985664 92.34) (xy 138.032279 92.34) (xy 137.546106 92.29233) (xy 137.109503 92.160512)
        (xy 136.706814 91.946399) (xy 136.353387 91.65815) (xy 136.062673 91.306739) (xy 135.84576 90.905564) (xy 135.710894 90.469886)
        (xy 135.66 89.985664) (xy 135.66 87.838967) (xy 138.865 87.838967) (xy 138.865 88.161033) (xy 138.927832 88.476912)
        (xy 139.051082 88.774463) (xy 139.230013 89.042252) (xy 139.457748 89.269987) (xy 139.725537 89.448918) (xy 140.023088 89.572168)
        (xy 140.338967 89.635) (xy 140.661033 89.635) (xy 140.976912 89.572168) (xy 141.274463 89.448918) (xy 141.542252 89.269987)
        (xy 141.769987 89.042252) (xy 141.948918 88.774463) (xy 141.954909 88.76) (xy 142.962678 88.76) (xy 143 88.763676)
        (xy 143.037322 88.76) (xy 143.037333 88.76) (xy 143.148986 88.749003) (xy 143.292247 88.705546) (xy 143.424276 88.634974)
        (xy 143.540001 88.540001) (xy 143.563804 88.510997) (xy 145 87.074802) (xy 145.433823 87.508624) (xy 145.427832 87.523088)
        (xy 145.365 87.838967) (xy 145.365 88.161033) (xy 145.427832 88.476912) (xy 145.551082 88.774463) (xy 145.730013 89.042252)
        (xy 145.957748 89.269987) (xy 146.225537 89.448918) (xy 146.523088 89.572168) (xy 146.838967 89.635) (xy 147.161033 89.635)
        (xy 147.476912 89.572168) (xy 147.774463 89.448918) (xy 148.042252 89.269987) (xy 148.269987 89.042252) (xy 148.448918 88.774463)
        (xy 148.572168 88.476912) (xy 148.635 88.161033) (xy 148.635 87.838967) (xy 148.572168 87.523088) (xy 148.448918 87.225537)
        (xy 148.269987 86.957748) (xy 148.042252 86.730013) (xy 147.774463 86.551082) (xy 147.476912 86.427832) (xy 147.161033 86.365)
        (xy 146.838967 86.365) (xy 146.523088 86.427832) (xy 146.508624 86.433823) (xy 145.76 85.685199) (xy 145.76 84.635413)
        (xy 146.044192 84.635413) (xy 146.139956 84.899814) (xy 146.429571 85.040704) (xy 146.741108 85.122384) (xy 147.062595 85.141718)
        (xy 147.381675 85.097961) (xy 147.686088 84.992795) (xy 147.860044 84.899814) (xy 147.955808 84.635413) (xy 147 83.679605)
        (xy 146.044192 84.635413) (xy 145.76 84.635413) (xy 145.76 84.417927) (xy 145.864587 84.455808) (xy 146.820395 83.5)
        (xy 147.179605 83.5) (xy 148.135413 84.455808) (xy 148.399814 84.360044) (xy 148.540704 84.070429) (xy 148.622384 83.758892)
        (xy 148.641718 83.437405) (xy 148.597961 83.118325) (xy 148.492795 82.813912) (xy 148.399814 82.639956) (xy 148.135413 82.544192)
        (xy 147.179605 83.5) (xy 146.820395 83.5) (xy 145.864587 82.544192) (xy 145.76 82.582073) (xy 145.76 82.364587)
        (xy 146.044192 82.364587) (xy 147 83.320395) (xy 147.955808 82.364587) (xy 147.860044 82.100186) (xy 147.570429 81.959296)
        (xy 147.258892 81.877616) (xy 146.937405 81.858282) (xy 146.618325 81.902039) (xy 146.313912 82.007205) (xy 146.139956 82.100186)
        (xy 146.044192 82.364587) (xy 145.76 82.364587) (xy 145.76 80.097775) (xy 145.851013 80.036962) (xy 146.036962 79.851013)
        (xy 146.183061 79.632359) (xy 146.283696 79.389405) (xy 146.335 79.131486) (xy 146.335 78.868514) (xy 146.283696 78.610595)
        (xy 146.183061 78.367641) (xy 146.036962 78.148987) (xy 145.851013 77.963038) (xy 145.632359 77.816939) (xy 145.389405 77.716304)
        (xy 145.131486 77.665) (xy 144.868514 77.665) (xy 144.610595 77.716304) (xy 144.367641 77.816939) (xy 144.148987 77.963038)
        (xy 143.963038 78.148987) (xy 143.816939 78.367641) (xy 143.716304 78.610595) (xy 143.665 78.868514) (xy 143.665 79.131486)
        (xy 143.716304 79.389405) (xy 143.816939 79.632359) (xy 143.963038 79.851013) (xy 144.148987 80.036962) (xy 144.24 80.097775)
        (xy 144.240001 85.685197) (xy 142.685199 87.24) (xy 141.954909 87.24) (xy 141.948918 87.225537) (xy 141.769987 86.957748)
        (xy 141.542252 86.730013) (xy 141.274463 86.551082) (xy 140.976912 86.427832) (xy 140.661033 86.365) (xy 140.338967 86.365)
        (xy 140.023088 86.427832) (xy 139.725537 86.551082) (xy 139.457748 86.730013) (xy 139.230013 86.957748) (xy 139.051082 87.225537)
        (xy 138.927832 87.523088) (xy 138.865 87.838967) (xy 135.66 87.838967) (xy 135.66 84.635413) (xy 139.544192 84.635413)
        (xy 139.639956 84.899814) (xy 139.929571 85.040704) (xy 140.241108 85.122384) (xy 140.562595 85.141718) (xy 140.881675 85.097961)
        (xy 141.186088 84.992795) (xy 141.360044 84.899814) (xy 141.455808 84.635413) (xy 140.5 83.679605) (xy 139.544192 84.635413)
        (xy 135.66 84.635413) (xy 135.66 83.562595) (xy 138.858282 83.562595) (xy 138.902039 83.881675) (xy 139.007205 84.186088)
        (xy 139.100186 84.360044) (xy 139.364587 84.455808) (xy 140.320395 83.5) (xy 140.679605 83.5) (xy 141.635413 84.455808)
        (xy 141.899814 84.360044) (xy 142.040704 84.070429) (xy 142.122384 83.758892) (xy 142.141718 83.437405) (xy 142.097961 83.118325)
        (xy 141.992795 82.813912) (xy 141.899814 82.639956) (xy 141.635413 82.544192) (xy 140.679605 83.5) (xy 140.320395 83.5)
        (xy 139.364587 82.544192) (xy 139.100186 82.639956) (xy 138.959296 82.929571) (xy 138.877616 83.241108) (xy 138.858282 83.562595)
        (xy 135.66 83.562595) (xy 135.66 82.364587) (xy 139.544192 82.364587) (xy 140.5 83.320395) (xy 141.455808 82.364587)
        (xy 141.360044 82.100186) (xy 141.070429 81.959296) (xy 140.758892 81.877616) (xy 140.437405 81.858282) (xy 140.118325 81.902039)
        (xy 139.813912 82.007205) (xy 139.639956 82.100186) (xy 139.544192 82.364587) (xy 135.66 82.364587) (xy 135.66 78.868514)
        (xy 138.585 78.868514) (xy 138.585 79.131486) (xy 138.636304 79.389405) (xy 138.736939 79.632359) (xy 138.883038 79.851013)
        (xy 139.068987 80.036962) (xy 139.287641 80.183061) (xy 139.530595 80.283696) (xy 139.788514 80.335) (xy 140.051486 80.335)
        (xy 140.309405 80.283696) (xy 140.552359 80.183061) (xy 140.771013 80.036962) (xy 140.956962 79.851013) (xy 141.103061 79.632359)
        (xy 141.203696 79.389405) (xy 141.255 79.131486) (xy 141.255 78.868514) (xy 141.203696 78.610595) (xy 141.103061 78.367641)
        (xy 140.956962 78.148987) (xy 140.771013 77.963038) (xy 140.552359 77.816939) (xy 140.309405 77.716304) (xy 140.051486 77.665)
        (xy 139.788514 77.665) (xy 139.530595 77.716304) (xy 139.287641 77.816939) (xy 139.068987 77.963038) (xy 138.883038 78.148987)
        (xy 138.736939 78.367641) (xy 138.636304 78.610595) (xy 138.585 78.868514) (xy 135.66 78.868514) (xy 135.66 67.2)
        (xy 138.561928 67.2) (xy 138.561928 68.8) (xy 138.574188 68.924482) (xy 138.610498 69.04418) (xy 138.669463 69.154494)
        (xy 138.748815 69.251185) (xy 138.845506 69.330537) (xy 138.95582 69.389502) (xy 139.075518 69.425812) (xy 139.083961 69.426643)
        (xy 138.885363 69.625241) (xy 138.72832 69.860273) (xy 138.620147 70.121426) (xy 138.565 70.398665) (xy 138.565 70.681335)
        (xy 138.620147 70.958574) (xy 138.72832 71.219727) (xy 138.885363 71.454759) (xy 139.085241 71.654637) (xy 139.317759 71.81)
        (xy 139.085241 71.965363) (xy 138.885363 72.165241) (xy 138.72832 72.400273) (xy 138.620147 72.661426) (xy 138.565 72.938665)
        (xy 138.565 73.221335) (xy 138.620147 73.498574) (xy 138.72832 73.759727) (xy 138.885363 73.994759) (xy 139.085241 74.194637)
        (xy 139.317759 74.35) (xy 139.085241 74.505363) (xy 138.885363 74.705241) (xy 138.72832 74.940273) (xy 138.620147 75.201426)
        (xy 138.565 75.478665) (xy 138.565 75.761335) (xy 138.620147 76.038574) (xy 138.72832 76.299727) (xy 138.885363 76.534759)
        (xy 139.085241 76.734637) (xy 139.320273 76.89168) (xy 139.581426 76.999853) (xy 139.858665 77.055) (xy 140.141335 77.055)
        (xy 140.418574 76.999853) (xy 140.679727 76.89168) (xy 140.914759 76.734637) (xy 141.114637 76.534759) (xy 141.27168 76.299727)
        (xy 141.379853 76.038574) (xy 141.435 75.761335) (xy 141.435 75.478665) (xy 141.379853 75.201426) (xy 141.27168 74.940273)
        (xy 141.114637 74.705241) (xy 140.914759 74.505363) (xy 140.682241 74.35) (xy 140.914759 74.194637) (xy 141.114637 73.994759)
        (xy 141.27168 73.759727) (xy 141.379853 73.498574) (xy 141.435 73.221335) (xy 141.435 72.938665) (xy 141.379853 72.661426)
        (xy 141.27168 72.400273) (xy 141.114637 72.165241) (xy 140.914759 71.965363) (xy 140.682241 71.81) (xy 140.914759 71.654637)
        (xy 141.114637 71.454759) (xy 141.27168 71.219727) (xy 141.379853 70.958574) (xy 141.435 70.681335) (xy 141.435 70.398665)
        (xy 146.185 70.398665) (xy 146.185 70.681335) (xy 146.240147 70.958574) (xy 146.34832 71.219727) (xy 146.505363 71.454759)
        (xy 146.705241 71.654637) (xy 146.937759 71.81) (xy 146.705241 71.965363) (xy 146.505363 72.165241) (xy 146.34832 72.400273)
        (xy 146.240147 72.661426) (xy 146.185 72.938665) (xy 146.185 73.221335) (xy 146.240147 73.498574) (xy 146.34832 73.759727)
        (xy 146.505363 73.994759) (xy 146.705241 74.194637) (xy 146.937759 74.35) (xy 146.705241 74.505363) (xy 146.505363 74.705241)
        (xy 146.34832 74.940273) (xy 146.240147 75.201426) (xy 146.185 75.478665) (xy 146.185 75.761335) (xy 146.240147 76.038574)
        (xy 146.34832 76.299727) (xy 146.505363 76.534759) (xy 146.705241 76.734637) (xy 146.940273 76.89168) (xy 147.201426 76.999853)
        (xy 147.478665 77.055) (xy 147.761335 77.055) (xy 148.038574 76.999853) (xy 148.299727 76.89168) (xy 148.534759 76.734637)
        (xy 148.734637 76.534759) (xy 148.89168 76.299727) (xy 148.999853 76.038574) (xy 149.055 75.761335) (xy 149.055 75.478665)
        (xy 148.999853 75.201426) (xy 148.89168 74.940273) (xy 148.734637 74.705241) (xy 148.534759 74.505363) (xy 148.302241 74.35)
        (xy 148.534759 74.194637) (xy 148.734637 73.994759) (xy 148.89168 73.759727) (xy 148.999853 73.498574) (xy 149.055 73.221335)
        (xy 149.055 72.938665) (xy 148.999853 72.661426) (xy 148.89168 72.400273) (xy 148.734637 72.165241) (xy 148.534759 71.965363)
        (xy 148.302241 71.81) (xy 148.534759 71.654637) (xy 148.734637 71.454759) (xy 148.89168 71.219727) (xy 148.999853 70.958574)
        (xy 149.055 70.681335) (xy 149.055 70.398665) (xy 148.999853 70.121426) (xy 148.89168 69.860273) (xy 148.734637 69.625241)
        (xy 148.534759 69.425363) (xy 148.299727 69.26832) (xy 148.289135 69.263933) (xy 148.475131 69.152385) (xy 148.683519 68.963414)
        (xy 148.851037 68.73742) (xy 148.971246 68.483087) (xy 149.011904 68.349039) (xy 148.889915 68.127) (xy 147.747 68.127)
        (xy 147.747 68.147) (xy 147.493 68.147) (xy 147.493 68.127) (xy 146.350085 68.127) (xy 146.228096 68.349039)
        (xy 146.268754 68.483087) (xy 146.388963 68.73742) (xy 146.556481 68.963414) (xy 146.764869 69.152385) (xy 146.950865 69.263933)
